1651 2 1ba4 1 1 0
0
0
0
0
0
0
0
0
0
0
0
0
0
0
0
0
0
0
0
0
0
0
0
0
0
0
0
0
0
0
0
0
0
0
-1
-1
-1
0
0
0
1
2
3
4
4
3
3
2
1
0
-1
-2
-3
-3
-1
0
1
4
4
5
4
0
-3
-6
-9
-10
-9
-6
-3
0
5
8
7
5
4
-3
-7
-9
-14
-14
-13
-6
1
10
16
19
20
17
8
0
-12
-22
-27
-27
-17
-5
8
18
32
40
32
19
5
-17
-37
-52
-62
-57
-39
-3
34
76
104
116
102
55
-27
-141
-291
-451
-621
-782
-922
-1036
-1101
-1129
-1115
-1069
-1012
-924
-841
-776
-720
-680
-659
-647
-659
-674
-683
-701
-690
-687
-678
-659
-646
-627
-625
-624
-629
-650
-675
-698
-733
-765
-788
-813
-832
-844
-853
-859
-860
-868
-868
-876
-881
-893
-910
-934
-955
-982
-1021
-1048
-1087
-1100
-1106
-1096
-1055
-990
-887
-745
-573
-374
-141
102
374
642
917
1204
1479
1749
2003
2250
2489
2705
2898
3081
3245
3376
3495
3577
3650
3701
3739
3781
3814
3861
3909
3967
4047
4134
4239
4348
4466
4579
4699
4819
4928
5036
5131
5226
5313
5389
5458
5515
5559
5589
5596
5579
5532
5464
5361
5230
5067
4872
4651
4401
4118
3814
3506
3174
2840
2500
2166
1842
1540
1243
970
701
456
209
-29
-267
-496
-724
-941
-1142
-1324
-1473
-1572
-1622
-1600
-1528
-1392
-1211
-979
-725
-458
-199
45
254
442
582
693
781
855
926
985
1064
1150
1230
1317
1398
1449
1477
1467
1400
1290
1124
907
651
349
14
-352
-732
-1119
-1523
-1929
-2343
-2737
-3138
-3533
-3907
-4261
-4582
-4869
-5122
-5345
-5531
-5695
-5829
-5959
-6079
-6198
-6325
-6457
-6595
-6751
-6896
-7045
-7183
-7307
-7415
-7498
-7539
-7562
-7544
-7495
-7403
-7288
-7134
-6953
-6734
-6500
-6233
-5948
-5646
-5330
-5003
-4671
-4336
-4015
-3703
-3403
-3121
-2873
-2641
-2447
-2279
-2140
-2019
-1941
-1872
-1825
-1773
-1740
-1714
-1667
-1624
-1584
-1527
-1476
-1416
-1357
-1301
-1244
-1188
-1133
-1102
-1063
-1025
-999
-980
-960
-954
-963
-966
-996
-1015
-1029
-1038
-1024
-982
-906
-794
-626
-406
-151
154
491
855
1213
1574
1921
2233
2508
2738
2938
3080
3202
3300
3379
3466
3555
3670
3813
3993
4207
4445
4718
5016
5318
5643
5971
6289
6613
6939
7262
7579
7908
8237
8556
8886
9197
9490
9758
9980
10149
10265
10313
10299
10223
10087
9898
9658
9391
9082
8773
8440
8100
7766
7438
7111
6793
6486
6182
5883
5587
5292
5001
4702
4390
4074
3742
3390
3063
2723
2387
2067
1767
1510
1275
1068
901
763
647
549
447
351
245
114
-21
-181
-338
-531
-704
-890
-1064
-1238
-1411
-1574
-1746
-1899
-2046
-2204
-2367
-2532
-2708
-2883
-3074
-3268
-3476
-3705
-3930
-4169
-4411
-4639
-4855
-5048
-5197
-5295
-5343
-5317
-5218
-5050
-4811
-4512
-4161
-3759
-3337
-2905
-2471
-2041
-1632
-1227
-872
-537
-241
29
250
443
588
706
763
778
770
711
622
517
375
220
58
-118
-289
-466
-639
-805
-969
-1141
-1306
-1484
-1652
-1821
-1994
-2181
-2380
-2596
-2840
-3105
-3388
-3687
-4010
-4358
-4706
-5061
-5394
-5724
-6029
-6303
-6540
-6733
-6885
-6985
-7047
-7060
-7023
-6935
-6821
-6652
-6454
-6228
-5973
-5715
-5452
-5203
-4969
-4759
-4576
-4425
-4302
-4201
-4118
-4048
-3979
-3896
-3792
-3675
-3540
-3385
-3218
-3048
-2864
-2692
-2538
-2398
-2282
-2202
-2145
-2124
-2139
-2182
-2245
-2321
-2420
-2524
-2624
-2733
-2823
-2890
-2947
-2993
-3016
-3028
-3022
-3007
-2987
-2956
-2925
-2888
-2850
-2792
-2729
-2649
-2572
-2491
-2402
-2323
-2259
-2215
-2195
-2216
-2267
-2359
-2475
-2629
-2799
-2982
-3161
-3334
-3477
-3598
-3698
-3763
-3801
-3823
-3827
-3823
-3816
-3804
-3816
-3823
-3847
-3880
-3918
-3935
-3935
-3928
-3884
-3813
-3707
-3565
-3382
-3157
-2930
-2677
-2416
-2158
-1918
-1704
-1523
-1374
-1260
-1175
-1123
-1109
-1107
-1124
-1150
-1191
-1235
-1280
-1337
-1397
-1457
-1532
-1614
-1709
-1816
-1953
-2088
-2255
-2452
-2672
-2921
-3196
-3493
-3818
-4155
-4492
-4815
-5127
-5404
-5619
-5780
-5865
-5870
-5808
-5675
-5484
-5253
-4983
-4703
-4442
-4195
-4002
-3852
-3750
-3699
-3693
-3716
-3766
-3834
-3885
-3936
-3967
-3983
-3978
-3960
-3946
-3922
-3917
-3905
-3900
-3904
-3913
-3907
-3876
-3826
-3739
-3595
-3434
-3213
-2972
-2718
-2440
-2174
-1927
-1699
-1508
-1348
-1220
-1116
-1032
-950
-876
-797
-718
-618
-523
-424
-327
-254
-195
-162
-155
-177
-206
-266
-330
-406
-479
-565
-654
-743
-847
-971
-1112
-1288
-1488
-1714
-1965
-2241
-2528
-2818
-3114
-3400
-3676
-3931
-4165
-4367
-4541
-4685
-4801
-4894
-4951
-5012
-5033
-5048
-5050
-5038
-5013
-4962
-4892
-4804
-4673
-4510
-4293
-4043
-3734
-3375
-2978
-2540
-2065
-1573
-1064
-540
-25
497
995
1489
1993
2477
2946
3421
3867
4293
4700
5062
5392
5660
5886
6030
6128
6141
6115
6022
5892
5736
5553
5365
5180
4995
4818
4660
4523
4391
4266
4154
4053
3947
3841
3728
3616
3490
3358
3236
3112
3002
2911
2844
2836
2858
2933
3068
3235
3469
3728
4022
4327
4648
4962
5259
5542
5811
6062
6287
6503
6705
6905
7111
7305
7506
7716
7918
8108
8286
8453
8580
8689
8757
8795
8798
8770
8718
8632
8542
8422
8311
8194
8089
8003
7937
7900
7913
7950
8030
8145
8295
8488
8696
8919
9136
9354
9544
9723
9869
9974
10045
10077
10077
10060
10010
9955
9885
9815
9724
9637
9541
9432
9305
9174
9033
8870
8704
8525
8358
8179
8027
7890
7766
7662
7582
7518
7457
7407
7356
7297
7222
7122
7006
6865
6706
6531
6346
6151
5957
5777
5623
5490
5387
5319
5285
5282
5323
5366
5459
5544
5643
5750
5852
5954
6053
6167
6270
6382
6516
6663
6819
6989
7180
7372
7572
7781
7997
8213
8441
8674
8918
9178
9454
9745
10051
10368
10697
11010
11295
11554
11775
11947
12052
12108
12110
12067
11987
11872
11743
11612
11493
11378
11279
11204
11132
11092
11041
11005
10952
10905
10851
10799
10741
10686
10632
10598
10564
10529
10499
10471
10417
10339
10217
10058
9854
9592
9269
8910
8522
8094
7670
7261
6873
6525
6232
5997
5835
5728
5678
5683
5716
5791
5870
5942
6029
6090
6138
6172
6192
6206
6203
6195
6194
6192
6189
6189
6194
6200
6208
6223
6221
6222
6216
6208
6192
6173
6136
6085
6029
5952
5864
5760
5652
5510
5372
5214
5046
4857
4650
4436
4194
3936
3650
3332
3006
2640
2257
1847
1429
989
552
121
-301
-709
-1078
-1413
-1688
-1902
-2047
-2120
-2107
-2020
-1855
-1631
-1355
-1042
-724
-406
-119
128
313
439
498
500
455
369
271
163
63
-18
-68
-97
-98
-80
-54
-17
16
42
57
55
41
21
5
-18
-29
-33
-31
-24
-8
5
13
25
28
24
17
16
2
-9
-16
-16
-14
-11
-4
5
13
15
18
16
11
6
0
-4
-7
-9
-8
-2
3
5
7
8
10
5
5
4
-2
-6
-4
-4
-3
0
2
1
2
3
1
1
-2
-3
-4
-2
-2
-1
-2
-1
0
0
0
0
0
0
0
0
0
0
0
0
0
0
0
0
0
0
0
0
0
0
0
0
0
0
0
0
0
0
0
0
0
0
0
0
0
0
0
0
0
0
0
0
0
0
0
0
0
0
0
0
0
0
0
0
0
0
0
0
0
0
0
0
0
0
0
0
0
0
0
0
0
0
0
0
0
0
0
0
0
0
0
0
0
0
0
0
0
0
0
0
0
0
0
0
0
0
0
0
0
0
0
0
0
0
0
0
0
0
0
0
0
0
0
0
0
0
0
0
0
0
0
0
0
0
0
0
0
0
0
0
0
0
0
0
0
0
0
0
0
0
0
0
0
0
0
0
0
0
0
0
0
0
0
0
0
0
0
0
0
0
0
0
0
0
0
0
0
0
0
0
0
0
0
0
0
0
0
0
0
0
0
0
0
0
0
0
0
0
0
0
0
0
0
0
0
0
0
0
0
0
0
0
0
0
0
0
0
0
0
0
0
0
0
0
0
0
0
0
0
0
0
0
0
0
0
0
0
0
0
0
0
0
0
0
0
0
0
0
0
0
0
0
0
0
0
0
0
0
0
0
0
0
0
0
0
0
0
0
0
0
0
0
0
0
0
0
0
0
0
0
0
0
0
0
0
0
0
0
0
0
0
0
0
0
0
0
0
0
0
0
0
0
0
0
0
0
0
0
0
0
0
0
0
0
0
0
0
0
0
0
0
0
0
0
0
0
0
0
0
0
0
0
0
0
0
0
0
0
0
0
0
0
0
0
0
0
0
0
0
0
0
0
0
0
0
0
0
0
0
0
0
0
0
0
0
0
0
0
0
0
0
0
0
0
0
0
0
0
0
0
0
0
0
0
0
0
0
0
0
0
0
0
0
0
0
0
0
0
0
0
0
0
0
0
0
0
0
0
0
0
0
0
0
0
0
0
0
0
0
0
0
0
0
0
0
0
0
0
0
0
0
0
0
0
0
0
0
0
0
0
0
0
0
0
0
0
0
0
0
0
0
0
0
0
0
0
0
0
0
0
0
0
0
0
0
0
0
0
0
0
0
0
0
0
0
0
0
0
0
0
0
0
0
0
0
0
0
0
0
0
0
0
0
0
0
0
0
0
0
0
0
0
0
0
0
0
0
0
0
0
0
0
0
0
0
0
0
0
0
0
0
0
0
0
0
0
0
0
0
0
0
0
0
0
0
0
0
0
0
0
0
0
0
0
0
0
0
0
0
0
0
0
0
0
0
0
0
0
0
0
0
0
0
0
0
0
0
0
0
0
0
0
0
0
0
0
0
0
0
0
0
0
0
0
0
0
0
0
0
0
0
0
0
0
0
0
0
0
0
0
0
0
0
0
0
0
0
0
0
0
0
0
0
0
0
0
0
0
0
0
0
0
0
0
0
0
0
0
0
0
0
0
0
0
0
0
0
0
0
0
0
0
0
0
0
0
0
0
0
0
0
0
0
0
0
0
0
0
0
0
0
0
0
0
0
0
0
0
0
0
0
0
0
0
0
0
0
0
0
0
0
0
0
0
0
0
0
0
0
0
0
0
0
0
0
0
0
0
0
0
0
0
0
0
0
0
0
0
0
0
0
0
0
0
0
0
0
0
0
0
0
0
0
0
0
0
0
0
0
0
0
0
0
0
0
0
0
0
0
0
0
0
0
0
0
0
0
0
0
0
0
0
0
0
0
0
0
0
0
0
0
0
0
0
0
0
0
0
0
0
0
0
0
0
0
0
0
0
0
0
0
0
0
0
0
0
0
0
0
0
0
0
0
0
0
0
0
0
0
0
0
0
0
0
0
0
0
0
0
0
0
0
0
0
0
0
0
0
0
0
0
0
0
0
0
0
0
0
0
0
0
0
0
0
0
0
0
0
0
0
0
0
0
0
0
0
0
0
0
0
0
0
0
0
0
0
0
0
0
0
0
0
0
0
0
0
0
0
0
0
0
0
0
0
0
0
0
0
0
0
0
0
0
0
0
0
0
0
0
0
0
0
0
0
0
0
0
0
0
0
0
0
0
0
0
0
0
0
0
0
0
0
0
0
0
0
0
0
0
0
0
0
0
0
0
0
0
0
0
0
0
0
0
0
0
0
0
0
0
0
0
0
0
0
0
0
0
0
0
0
0
0
0
0
0
0
0
0
0
0
0
0
0
0
0
0
0
0
0
0
0
0
0
0
0
0
0
0
0
0
0
0
0
0
0
0
0
0
0
0
0
0
0
0
0
0
0
0
0
0
0
0
0
0
0
0
0
0
0
0
0
0
0
0
0
0
0
0
0
0
0
0
0
0
0
0
0
0
0
0
0
0
0
0
0
0
0
0
0
0
0
0
0
0
0
0
0
0
0
0
0
0
0
0
0
0
0
0
0
0
0
0
0
0
0
0
0
0
0
0
0
0
0
0
0
0
0
0
0
0
0
0
0
0
0
0
0
0
0
0
0
0
0
0
0
0
0
0
0
0
0
0
0
0
0
0
0
0
0
0
0
0
0
0
0
0
0
0
0
0
0
0
0
0
0
0
0
0
0
0
0
0
0
0
0
0
0
0
0
0
0
0
0
0
0
0
0
0
0
0
0
0
0
0
0
0
0
0
0
0
0
0
0
0
0
0
0
0
0
0
0
0
0
0
0
0
0
0
0
0
0
0
0
0
0
0
0
0
0
0
0
0
0
0
0
0
0
0
0
0
0
0
0
0
0
0
0
0
0
0
0
0
0
0
0
0
0
0
0
0
0
0
0
0
0
0
0
0
0
0
0
0
0
0
0
0
0
0
0
0
0
0
0
0
0
0
0
0
0
0
0
0
0
0
0
0
0
0
0
0
0
0
0
0
0
0
0
0
0
0
0
0
0
0
0
0
0
0
0
0
0
0
0
0
0
0
0
0
0
0
0
0
0
0
0
0
0
0
0
0
0
0
0
0
0
0
0
0
0
0
0
0
0
0
0
0
0
0
0
0
0
0
0
0
0
0
0
0
0
0
0
0
0
0
0
0
0
0
0
0
0
0
0
0
0
0
0
0
0
0
0
0
0
0
0
0
0
0
0
0
0
0
0
0
0
0
0
0
0
0
0
0
0
0
0
0
0
0
0
0
0
0
0
0
0
0
0
0
0
0
0
0
0
0
0
0
0
0
0
0
0
0
0
0
0
0
0
0
0
0
0
0
0
0
0
0
0
0
0
0
0
0
0
0
0
0
0
0
0
0
0
0
0
0
0
0
0
0
0
0
0
0
0
0
0
0
0
0
0
0
0
0
0
0
0
0
0
0
0
0
0
0
0
0
0
0
0
0
0
0
0
0
0
0
0
0
0
0
0
0
0
0
0
0
0
0
0
0
0
0
0
0
0
0
0
0
0
0
0
0
0
0
0
0
0
0
0
0
0
0
0
0
0
0
0
0
0
0
0
0
0
0
0
0
0
0
0
0
0
0
0
0
0
0
0
0
0
0
0
0
0
0
0
0
0
0
0
0
0
0
0
0
0
0
0
0
0
0
0
0
0
0
0
0
0
0
0
0
0
0
0
0
0
0
0
0
0
0
0
0
0
0
0
0
0
0
0
0
0
0
0
0
0
0
0
0
0
0
0
0
0
0
0
0
0
0
0
0
0
0
0
0
0
0
0
0
0
0
0
0
0
0
0
0
0
0
0
0
0
0
0
0
0
0
0
0
0
0
0
0
0
0
0
0
0
0
0
0
0
0
0
0
0
0
0
0
0
0
0
0
0
0
0
0
0
0
0
0
0
0
0
0
0
0
0
0
0
0
0
0
0
0
0
0
0
0
0
0
0
0
0
0
0
0
0
0
0
0
0
0
0
0
0
0
0
0
0
0
0
0
0
0
0
0
0
0
0
0
0
0
0
0
0
0
0
0
0
0
0
0
0
0
0
0
0
0
0
0
0
0
0
0
0
0
0
0
0
0
0
0
0
0
0
0
0
0
0
0
0
0
0
0
0
0
0
0
0
0
0
0
0
0
0
0
0
0
0
0
0
0
0
0
0
0
0
0
0
0
0
0
0
0
0
0
0
0
0
0
0
0
0
0
0
0
0
0
0
0
0
0
0
0
0
0
0
0
0
0
0
0
0
0
0
0
0
0
0
0
0
0
0
0
0
0
0
0
0
0
0
0
0
0
0
0
0
0
0
0
0
0
0
0
0
0
0
0
0
0
0
0
0
0
0
0
0
0
0
0
0
0
0
0
0
0
0
0
0
0
0
0
0
0
0
0
0
0
0
0
0
0
0
0
0
0
0
0
0
0
0
0
0
0
0
0
0
0
0
0
0
0
0
0
0
0
0
0
0
0
0
0
0
0
0
0
0
0
0
0
0
0
0
0
0
0
0
0
0
0
0
0
0
0
0
0
0
0
0
0
0
0
0
0
0
0
0
0
0
0
0
0
0
0
0
0
0
0
0
0
0
0
0
0
0
0
0
0
0
0
0
0
0
0
0
0
0
0
0
0
0
0
0
0
0
0
0
0
0
0
0
0
0
0
0
0
0
0
0
0
0
0
0
0
0
0
0
0
0
0
0
0
0
0
0
0
0
0
0
0
0
0
0
0
0
0
0
0
0
0
0
0
0
0
0
0
0
0
0
0
0
0
0
0
0
0
0
0
0
0
0
0
0
0
0
0
0
0
0
0
0
0
0
0
0
0
0
0
0
0
0
0
0
0
0
0
0
0
0
0
0
0
0
0
0
0
0
0
0
0
0
0
0
0
0
0
0
0
0
0
0
0
0
0
0
0
0
0
0
0
0
0
0
0
0
0
0
0
0
0
0
0
0
0
0
0
0
0
0
0
0
0
0
0
0
0
0
0
0
0
0
0
0
0
0
0
0
0
0
0
0
0
0
0
0
0
0
0
0
0
0
0
0
0
0
0
0
0
0
0
0
0
0
0
0
0
0
0
0
0
0
0
0
0
0
0
0
0
0
0
0
0
0
0
0
0
0
0
0
0
0
0
0
0
0
0
0
0
0
0
0
0
0
0
0
0
0
0
0
0
0
0
0
0
0
0
0
0
0
0
0
0
0
0
0
0
0
0
0
0
0
0
0
0
0
0
0
0
0
0
0
0
0
0
0
0
0
0
0
0
0
0
0
0
0
0
0
0
0
0
0
0
0
0
0
0
0
0
0
0
0
0
0
0
0
0
0
0
0
0
0
0
0
0
0
0
0
0
0
0
0
0
0
0
0
0
0
0
0
0
0
0
0
0
0
0
0
0
0
0
0
0
0
0
0
0
0
0
0
0
0
0
0
0
0
0
0
0
0
0
0
0
0
0
0
0
0
0
0
0
0
0
0
0
0
0
0
0
0
0
0
0
0
0
0
0
0
0
0
0
0
0
0
0
0
0
0
0
0
0
0
0
0
0
0
0
0
0
0
0
0
0
0
0
0
0
0
0
0
0
0
0
0
0
0
0
0
0
0
0
0
0
0
0
0
0
0
0
0
0
0
0
0
0
0
0
0
0
0
0
0
0
0
0
0
0
0
0
0
0
0
0
0
0
0
0
0
0
0
0
0
0
0
0
0
0
0
0
0
0
0
0
0
0
0
0
0
0
0
0
0
0
0
0
0
0
0
0
0
0
0
0
0
0
0
0
0
0
0
0
0
0
0
0
0
0
0
0
0
0
0
0
0
0
0
0
0
0
0
0
0
0
0
0
0
0
0
0
0
0
0
0
0
0
0
0
0
0
0
0
0
0
0
0
0
0
0
0
0
0
0
0
0
0
0
0
0
0
0
0
0
0
0
0
0
0
0
0
0
0
0
0
0
0
0
0
0
0
0
0
0
0
0
0
0
0
0
0
0
0
0
0
0
0
0
0
0
0
0
0
0
0
0
0
0
0
0
0
0
0
0
0
0
0
0
0
0
0
0
0
0
0
0
0
0
0
0
0
0
0
0
0
0
0
0
0
0
0
0
0
0
0
0
0
0
0
0
0
0
0
0
0
0
0
0
0
0
0
0
0
0
0
0
0
0
0
0
0
0
0
0
0
0
0
0
0
0
0
0
0
0
0
0
0
0
0
0
0
0
0
0
0
0
0
0
0
0
0
0
0
0
0
0
0
0
0
0
0
0
0
0
0
0
0
0
0
0
0
0
0
0
0
0
0
0
0
0
0
0
0
0
0
0
0
0
0
0
0
0
0
0
0
0
0
0
0
0
0
0
0
0
0
0
0
0
0
0
0
0
0
0
0
0
0
0
0
0
0
0
0
0
0
0
0
0
0
0
0
0
0
0
0
0
0
0
0
0
0
0
0
0
0
0
0
0
0
0
0
0
0
0
0
0
0
0
0
0
0
0
0
0
0
0
0
0
0
0
0
0
0
0
0
0
0
0
0
0
0
0
0
0
0
0
0
0
0
0
0
0
0
0
0
0
0
0
0
0
0
0
0
0
0
0
0
0
0
0
0
0
0
0
0
0
0
0
0
0
0
0
0
0
0
0
0
0
0
0
0
0
0
0
0
0
0
0
0
0
0
0
0
0
0
0
0
0
0
0
0
0
0
0
0
0
0
0
0
0
0
0
0
0
0
0
0
0
0
0
0
0
0
0
0
0
0
0
0
0
0
0
0
0
0
0
0
0
0
0
0
0
0
0
0
0
0
0
0
0
0
0
0
0
0
0
0
0
0
0
0
0
0
0
0
0
0
0
0
0
0
0
0
0
0
0
0
0
0
0
0
0
0
0
0
0
0
0
0
0
0
0
0
0
0
0
0
0
0
0
0
0
0
0
0
0
0
0
0
0
0
0
0
0
0
0
0
0
0
0
0
0
0
0
0
0
0
0
0
0
0
0
0
0
0
0
0
0
0
0
0
0
0
0
0
0
0
0
0
0
0
0
0
0
0
0
0
0
0
0
0
0
0
0
0
0
0
0
0
0
0
0
0
0
0
0
0
0
0
0
0
0
0
0
0
0
0
0
0
0
0
0
0
0
0
0
0
0
0
0
0
0
0
0
0
0
0
0
0
0
0
0
0
0
0
0
0
0
0
0
0
0
0
0
0
0
0
0
0
0
0
0
0
0
0
0
0
0
0
0
0
0
0
0
0
0
0
0
0
0
0
0
0
0
0
0
0
0
0
0
0
0
0
0
0
0
0
0
0
0
0
0
0
0
0
0
0
0
0
0
0
0
0
0
0
0
0
0
0
0
0
0
0
0
0
0
0
0
0
0
0
0
0
0
0
0
0
0
0
0
0
0
0
0
0
0
0
0
0
0
0
0
0
0
0
0
0
0
0
0
0
0
0
0
0
0
0
0
0
0
0
0
0
0
0
0
0
0
0
0
0
0
0
0
0
0
0
0
0
0
0
0
0
0
0
0
0
0
0
0
0
0
0
0
0
0
0
0
0
0
0
0
0
0
0
0
0
0
0
0
0
0
0
0
0
0
0
0
0
0
0
0
0
0
0
0
0
0
0
0
0
0
0
0
