1651 9 5000 1 400 2
16384
16344
16224
16024
15744
15386
14950
14439
13854
13199
12475
11687
10838
9931
8972
7965
6914
5826
4705
3557
2388
1205
12
-1182
-2373
-3553
-4716
-5856
-6966
-8041
-9074
-10058
-10990
-11862
-12671
-13410
-14076
-14664
-15171
-15593
-15927
-16172
-16324
-16383
-16348
-16219
-15995
-15678
-15269
-14769
-14182
-13510
-12757
-11926
-11023
-10052
-9019
-7930
-6791
-5608
-4390
-3142
-1872
-589
700
1987
3264
4523
5755
6954
8110
9218
10268
11255
12172
13012
13769
14439
15016
15496
15875
16151
16321
16384
16338
16183
15920
15549
15074
14496
13819
13047
12185
11238
10212
9114
7952
6732
5464
4155
2815
1453
79
-1299
-2669
-4023
-5350
-6641
-7886
-9077
-10204
-11258
-12233
-13119
-13911
-14602
-15186
-15658
-16016
-16254
-16371
-16366
-16237
-15986
-15613
-15122
-14514
-13794
-12967
-12039
-11017
-9908
-8720
-7462
-6144
-4776
-3368
-1931
-477
984
2438
3876
5285
6653
7970
9225
10406
11505
12512
13417
14214
14894
15453
15884
16184
16349
16378
16269
16024
15642
15127
14483
13715
12828
11830
10728
9533
8253
6899
5484
4018
2516
988
-550
-2085
-3605
-5094
-6541
-7931
-9252
-10491
-11638
-12682
-13611
-14419
-15096
-15635
-16032
-16282
-16382
-16330
-16127
-15773
-15272
-14626
-13843
-12927
-11888
-10736
-9479
-8130
-6702
-5207
-3661
-2076
-470
1144
2748
4328
5868
7353
8767
10097
11329
12450
13449
14316
15040
15615
16033
16291
16384
16311
16072
15669
15105
14385
13517
12508
11369
10110
8744
7285
5749
4149
2505
831
-854
-2531
-4185
-5796
-7347
-8821
-10203
-11477
-12629
-13645
-14515
-15228
-15775
-16151
-16351
-16370
-16209
-15869
-15352
-14664
-13812
-12804
-11651
-10366
-8962
-7456
-5863
-4201
-2489
-747
1006
2750
4464
6130
7726
9235
10639
11920
13064
14056
14885
15539
16011
16294
16384
16279
15980
15490
14813
13957
12932
11750
10424
8970
7404
5747
4017
2235
424
-1395
-3198
-4965
-6672
-8297
-9822
-11225
-12490
-13599
-14538
-15294
-15858
-16220
-16377
-16325
-16065
-15597
-14929
-14068
-13023
-11809
-10440
-8933
-7308
-5586
-3788
-1938
-60
1820
3679
5491
7233
8880
10410
11803
13039
14101
14973
15644
16104
16346
16365
16160
15734
15092
14241
13193
11961
10562
9015
7340
5561
3702
1789
-151
-2092
-4005
-5864
-7642
-9313
-10853
-12241
-13454
-14476
-15291
-15886
-16252
-16384
-16277
-15934
-15358
-14556
-13541
-12325
-10926
-9365
-7663
-5846
-3940
-1973
26
2026
3999
5913
7741
9454
11026
12432
13651
14663
15453
16007
16316
16375
16182
15738
15050
14129
12986
11640
10111
8421
6598
4669
2665
616
-1445
-3486
-5473
-7375
-9161
-10803
-12274
-13548
-14606
-15430
-16005
-16320
-16371
-16156
-15676
-14940
-13958
-12746
-11322
-9710
-7936
-6029
-4019
-1940
173
2286
4363
6368
8269
10032
11628
13029
14210
15150
15834
16248
16384
16239
15816
15119
14161
12957
11527
9895
8089
6141
4083
1951
-217
-2384
-4511
-6560
-8496
-10282
-11888
-13284
-14444
-15347
-15976
-16318
-16368
-16122
-15584
-14763
-13674
-12335
-10770
-9007
-7077
-5015
-2859
-648
1577
3776
5906
7929
9807
11504
12987
14229
15206
15897
16290
16376
16153
15623
14796
13687
12316
10708
8894
6907
4786
2570
302
-1973
-4213
-6373
-8411
-10288
-11965
-13410
-14594
-15492
-16086
-16363
-16317
-15949
-15263
-14274
-12999
-11463
-9697
-7735
-5615
-3381
-1076
1253
3558
5794
7914
9876
11637
13163
14421
15384
16032
16350
16332
15976
15288
14283
12980
11405
9591
7574
5397
3104
744
-1635
-3980
-6244
-8378
-10336
-12076
-13560
-14755
-15637
-16183
-16383
-16231
-15728
-14885
-13719
-12254
-10522
-8559
-6408
-4115
-1729
697
3109
5456
7684
9745
11592
13183
14483
15462
16097
16372
16282
15826
15014
13863
12399
10653
8664
6477
4141
1708
-766
-3224
-5611
-7872
-9954
-11808
-13392
-14668
-15606
-16183
-16384
-16204
-15646
-14723
-13454
-11868
-10002
-7900
-5609
-3184
-681
1840
4320
6699
8921
10932
12683
14132
15243
15989
16350
16317
15889
15076
13897
12379
10559
8479
6190
3748
1211
-1357
-3894
-6338
-8627
-10705
-12519
-14024
-15182
-15962
-16345
-16319
-15885
-15051
-13839
-12277
-10404
-8267
-5918
-3418
-828
1785
4355
6815
9104
11161
12934
14375
15448
16123
16381
16216
15630
14638
13264
11542
9518
7244
4777
2183
-471
-3115
-5678
-8094
-10297
-12230
-13839
-15081
-15922
-16339
-16319
-15861
-14978
-13691
-12034
-10052
-7796
-5327
-2711
-20
2674
5297
7778
10049
12046
13714
15007
15888
16331
16324
15865
14965
13650
11954
9924
7615
5092
2423
-315
-3047
-5695
-8185
-10446
-12413
-14031
-15252
-16041
-16373
-16240
-15642
-14596
-13132
-11289
-9121
-6688
-4060
-1313
1474
4221
6848
9277
11439
13268
14712
15726
16280
16356
15951
15077
13756
12029
9943
7562
4954
2196
-629
-3438
-6146
-8672
-10941
-12882
-14438
-15560
-16213
-16377
-16045
-15226
-13945
-12238
-10157
-7764
-5132
-2341
524
3375
6125
8688
10985
12944
14504
15616
16244
16367
15980
15094
13736
11947
9783
7309
4603
1751
-1159
-4035
-6785
-9322
-11566
-13443
-14894
-15871
-16342
-16290
-15716
-14638
-13088
-11116
-8784
-6166
-3347
-417
2528
5393
8086
10516
12606
14284
15497
16202
16375
16011
15118
13726
11879
9638
7075
4276
1332
-1658
-4595
-7381
-9922
-12132
-13938
-15276
-16101
-16384
-16114
-15299
-13966
-12158
-9936
-7374
-4559
-1586
1443
4425
7257
9843
12092
13926
15282
16111
16384
16089
15237
13854
11988
9704
7079
4205
1181
-1886
-4889
-7722
-10286
-12489
-14253
-15514
-16226
-16364
-15920
-14910
-13368
-11348
-8921
-6174
-3203
-114
2980
5970
8746
11209
13268
14849
15892
16359
16232
15514
14229
12424
10163
7528
4615
1531
-1612
-4698
-7613
-10248
-12507
-14303
-15570
-16259
-16344
-15820
-14705
-13039
-10885
-8320
-5442
-2357
819
3966
6966
9704
12077
13994
15381
16184
16371
15935
14889
13274
11149
8594
5709
2601
-609
-3797
-6842
-9623
-12034
-13980
-15384
-16191
-16368
-15907
-14823
-13160
-10979
-8367
-5424
-2266
984
4197
7247
10012
12383
14263
15579
16276
16325
15723
14492
12681
10361
7623
4578
1346
-1942
-5154
-8160
-10838
-13079
-14791
-15904
-16370
-16171
-15311
-13826
-11774
-9239
-6323
-3146
163
3468
6631
9524
12024
14028
15452
16235
16344
15773
14544
12707
10338
7534
4413
1104
-2253
-5518
-8552
-11228
-13430
-15067
-16065
-16383
-16006
-14947
-13250
-10988
-8254
-5166
-1854
1539
4868
7991
10771
13089
14843
15957
16381
16095
15110
13468
11239
8518
5424
2091
-1336
-4706
-7872
-10695
-13049
-14829
-15957
-16381
-16081
-15069
-13388
-11112
-8340
-5195
-1816
1645
5036
8203
11005
13315
15028
16067
16382
15959
14815
13000
10596
7710
4472
1028
-2464
-5847
-8965
-11675
-13853
-15397
-16237
-16331
-15674
-14295
-12256
-9650
-6597
-3235
278
3780
7109
10110
12641
14584
15848
16371
16128
15128
13418
11076
8211
4957
1468
-2093
-5558
-8761
-11551
-13794
-15383
-16240
-16323
-15628
-14185
-12063
-9361
-6208
-2756
832
4381
7722
10692
13147
14967
16063
16380
15901
14649
12683
10096
7016
3590
-14
-3619
-7049
-10134
-12723
-14687
-15928
-16382
-16027
-14879
-12992
-10459
-7405
-3981
-356
3289
6772
9918
12570
14593
15885
16380
16051
14913
13022
10472
7392
3935
277
-3397
-6902
-10057
-12701
-14700
-15949
-16384
-15980
-14757
-12776
-10137
-6976
-3453
250
3943
7433
10542
13105
14991
16099
16370
15789
14384
12228
9432
6140
2525
-1225
-4913
-8345
-11339
-13738
-15413
-16275
-16276
-15415
-13737
-11328
-8316
-4859
-1141
2639
6281
9590
12386
14521
15877
16382
16005
14766
12730
10006
6739
3105
-699
-4467
-7995
-11090
-13583
-15337
-16256
-16287
-15427
-13721
-11263
-8184
-4654
-866
2972
6648
9960
12722
14782
16025
16378
15823
14387
12149
9232
5799
2040
-1836
-5611
-9073
-12029
-14309
-15787
-16375
-16040
-14800
-12722
-9923
-6560
-2823
1077
4917
8480
11562
13985
15611
16346
16144
15017
13028
10288
6956
3221
-702
-4587
-8209
-11357
-13850
-15541
-16331
-16172
-15071
-13092
-10349
-6999
-3238
714
4627
8270
11430
13920
15591
16345
16135
14972
12923
10107
6691
2876
-1112
-5036
-8662
-11774
-14185
-15751
-16375
-16019
-14702
-12503
-9551
-6023
-2130
1893
5804
9367
12365
14616
15982
16379
15781
14222
11797
8651
4975
993
-3052
-6912
-10350
-13155
-15153
-16221
-16289
-15354
-13470
-10753
-7370
-3528
535
4567
8317
11552
14069
15711
16373
16012
14649
12369
9311
5668
1667
-2442
-6399
-9954
-12884
-15001
-16170
-16317
-15429
-13561
-10831
-7411
-3517
603
4687
8474
11721
14219
15808
16383
15906
14406
11979
8778
5009
915
-3241
-7189
-10674
-13468
-15389
-16311
-16172
-14979
-12809
-9801
-6152
-2098
2096
6154
9811
12825
14997
16182
16302
15345
13374
10518
6964
2946
-1269
-5402
-9178
-12345
-14692
-16059
-16355
-15557
-13718
-10959
-7464
-3466
768
4952
8804
12065
14514
15983
16371
15652
13871
11148
7666
3661
-595
-4813
-8705
-12004
-14485
-15975
-16372
-15646
-13846
-11093
-7575
-3534
753
4990
8884
12166
14608
16038
16356
15539
13640
10792
7190
3084
-1238
-5477
-9334
-12540
-14868
-16154
-16305
-15310
-13236
-10229
-6498
-2306
2050
6264
10037
13099
15233
16286
16180
14922
12600
9377
5483
1195
-3181
-7332
-10958
-13799
-15650
-16376
-15922
-14321
-11684
-8202
-4125
252
4614
8643
12046
14576
16045
16347
15457
13438
10436
6669
2412
-2025
-6314
-10142
-13227
-15339
-16322
-16102
-14694
-12198
-8799
-4747
-341
4093
8225
11747
14397
15976
16363
15530
13535
10527
6729
2425
-2063
-6399
-10255
-13342
-15425
-16346
-16033
-14509
-11886
-8363
-4203
277
4739
8842
12275
14774
16148
16290
15188
12923
9668
5671
1236
-3295
-7576
-11275
-14108
-15855
-16379
-15638
-13688
-10677
-6837
-2465
2100
6504
10405
13497
15539
16369
15922
14230
11423
7720
3410
-1169
-5659
-9706
-12991
-15254
-16315
-16089
-14590
-11937
-8338
-4076
512
5061
9210
12628
15042
16258
16177
14803
12246
8707
4469
-130
-4721
-8934
-12431
-14928
-16224
-16212
-14890
-12365
-8838
-4593
25
4644
8888
12412
14927
16227
16205
14860
12301
8735
4452
-198
-4833
-9074
-12572
-15037
-16265
-16154
-14710
-12051
-8395
-4042
647
5285
9486
12902
15247
16324
16043
14424
11601
7808
3360
-1371
-5990
-10108
-13380
-15530
-16375
-15842
-13975
-10928
-6957
-2397
2368
6935
10916
13973
15846
16374
15509
13323
10002
5825
1150
-3626
-8094
-11871
-14633
-16140
-16263
-14989
-12424
-8789
-4395
381
5126
9430
12920
15293
16342
15974
14219
11227
7257
2654
-2183
-6832
-10886
-13991
-15873
-16366
-15425
-13131
-9682
-5381
-605
4227
8688
12385
14991
16272
16115
14530
11658
7749
3151
-1729
-6458
-10613
-13825
-15805
-16375
-15481
-13203
-9741
-5405
-582
4296
8789
12494
15076
16301
16055
14361
11367
7345
2655
-2277
-7005
-11099
-14186
-15985
-16329
-15186
-12658
-8973
-4466
451
5328
9720
13223
15513
16380
15740
13652
10306
6008
1153
-3810
-8423
-12259
-14961
-16277
-16084
-14397
-11371
-7285
-2520
2483
7256
11354
14392
16086
16274
14937
12198
8314
3646
-1367
-6253
-10552
-13858
-15858
-16360
-15315
-12820
-9110
-4535
473
5438
9889
13400
15637
16384
15568
13265
9693
5193
193
-4828
-9387
-13047
-15455
-16378
-15725
-13556
-10078
-5627
-630
4430
9063
12821
15337
16366
15806
13709
10278
5844
838
-4251
-8927
-12733
-15296
-16362
-15825
-13736
-10298
-5846
-818
4293
8983
12789
15335
16368
15783
13636
10139
5634
569
-4555
-9228
-12986
-15452
-16380
-15675
-13405
-9795
-5205
-91
5034
9656
13312
15632
16382
15485
13028
9258
4552
-616
-5723
-10254
-13749
-15853
-16350
-15189
-12484
-8510
-3668
1549
6611
11000
14269
16081
16249
14754
11747
7535
2547
-2704
-7679
-11867
-14834
-16274
-16036
-14142
-10786
-6314
-1186
4067
8900
12812
15395
16379
15659
13308
9570
4832
-412
-5616
-10234
-13784
-15891
-16333
-15061
-12207
-8070
-3081
2234
7316
11628
14715
16248
16065
14181
10795
6263
1064
-4249
-9113
-13010
-15523
-16384
-15498
-12958
-9033
-4140
1197
6408
10935
14291
16114
16206
14556
11339
6899
1713
-3659
-8639
-12687
-15364
-16379
-15620
-13167
-9284
-4391
981
6249
10838
14249
16106
16206
14536
11275
6780
1539
-3871
-8860
-12877
-15482
-16384
-15483
-12877
-8849
-3843
1589
6847
11351
14599
16231
16064
14114
10595
5897
541
-4878
-9755
-13546
-15826
-16339
-15025
-12029
-7685
-2478
3010
8162
12398
15242
16372
15658
13178
9210
4201
-1285
-6628
-11223
-14548
-16225
-16061
-14073
-10485
-5702
-269
5198
10074
13801
15954
16284
14751
11529
6984
1636
-3902
-8994
-13053
-15613
-16375
-15251
-12366
-8054
-2809
2763
8017
12345
15244
16375
15606
13023
8925
3787
-1794
-7169
-11709
-14884
-16321
-15850
-13524
-9613
-4574
1004
6466
11171
14563
16243
16011
13891
10131
5174
-397
-5923
-10750
-14305
-16166
-16110
-14141
-10491
-5592
-25
5547
10459
14126
16108
16165
14290
10703
5833
262
-5343
-10308
-14037
-16079
-16187
-14345
-10773
-5900
-313
5313
10300
14042
16085
16179
14310
10703
5795
180
-5459
-10436
-14142
-16124
-16139
-14183
-10491
-5514
140
5779
10711
14330
16191
16061
13956
10131
5056
-644
-6267
-11118
-14596
-16270
-15930
-13616
-9613
-4415
1333
6918
11644
14922
16343
15727
13147
8925
3587
-2203
-7719
-12270
-15285
-16383
-15424
-12527
-8054
-2565
3249
8655
12972
15653
16357
14993
11732
6984
1349
-4460
-9704
-13718
-15989
-16227
-14399
-10736
-5702
61
5818
10834
14466
16248
15949
13605
9514
4201
-1654
-7299
-12007
-15170
-16378
-15475
-12573
-8047
-2478
3414
8865
13170
15769
16322
14755
11270
6317
541
-5309
-10468
-14263
-16197
-16016
-13740
-9665
-4322
1589
7293
12043
15212
16382
15397
12385
7739
2072
-3871
-9306
-13512
-15932
-16245
-14405
-10656
-5491
405
6249
11264
14782
16333
15708
12987
8533
2937
-3054
-8638
-13068
-15749
-16319
-14700
-11106
-6019
-120
5797
10935
14601
16300
15799
13163
8747
3147
-2882
-8523
-13010
-15733
-16321
-14691
-11063
-5928
16
5960
11094
14715
16327
15708
12940
8399
2706
-3360
-8967
-13345
-15891
-16252
-14377
-10522
-5214
814
6732
11722
15094
16379
15397
12282
7463
1607
-4474
-9936
-14018
-16151
-16036
-13686
-9426
-3850
2266
8067
12743
15636
16340
14754
11098
5883
-161
-6184
-11339
-14900
-16362
-15518
-12485
-7687
-1801
4341
9872
14006
16157
16017
13604
9258
3594
-2582
-8393
-13011
-15776
-16291
-14481
-10601
-5205
938
6949
11966
15269
16383
15145
11730
6627
569
-5573
-10914
-14683
-16335
-15628
-12662
-7864
-1926
4293
9891
14058
16185
15962
13419
8923
3127
-3127
-8927
-13427
-15968
-16178
-14022
-9814
-4168
2091
8045
12821
15716
16303
14494
10551
5053
-1191
-7262
-12263
-15455
-16365
-14854
-11145
-5785
435
6593
11774
15208
16384
15123
11611
6369
176
-6046
-11367
-14993
-16378
-15315
-11959
-6811
-640
5629
11055
14823
16364
15444
12199
7115
957
-5347
-10846
-14709
-16350
-15518
-12336
-7285
-1128
5202
10745
14657
16343
15543
12377
7324
1153
-5196
-10754
-14671
-16346
-15522
-12321
-7232
-1032
5328
10872
14748
16358
15452
12167
7007
764
-5598
-11098
-14886
-16374
-15329
-11911
-6647
-350
6003
11426
15076
16384
15143
11545
6147
-211
-6538
-11847
-15307
-16375
-14882
-11059
-5503
918
7197
12348
15562
16330
14530
10443
4709
-1769
-7970
-12915
-15822
-16229
-14070
-9683
-3761
2759
8844
13527
16063
16047
13479
8765
2654
-3882
-9802
-14159
-16256
-15757
-12738
-7679
-1389
5125
10820
14781
16369
15328
11822
6413
-31
-6471
-11871
-15357
-16365
-14729
-10712
-4960
1596
7896
12918
15846
16203
13928
9388
3320
-3291
-9367
-13919
-16203
-15842
-12894
-7838
-1498
5088
10844
14825
16376
15240
11601
6055
-488
-6954
-12276
-15578
-16312
-14355
-10028
-4043
2613
8838
13603
16115
15957
13153
8164
1817
-4833
-10682
-14755
-16372
-15261
-11604
-6010
589
7092
12411
15656
16280
14176
9695
3587
-3126
-9316
-13942
-16224
-15776
-12670
-7427
-930
5725
11417
15180
16377
14804
10722
4823
-1896
-8296
-13289
-16025
-16038
-13323
-8338
-1932
4806
10727
14818
16379
15141
11314
5548
-1169
-7688
-12891
-15883
-16149
-13640
-8785
-2417
4369
10404
14648
16367
15260
11518
5783
-954
-7528
-12800
-15855
-16162
-13665
-8793
-2393
4426
10477
14705
16373
15188
11352
5534
-1253
-7822
-13026
-15952
-16085
-13399
-8363
-1858
4976
10937
14977
16384
14907
10803
4794
-2063
-8557
-13543
-16136
-15877
-12808
-7470
-807
6002
11747
15409
16334
14356
9824
3542
-3373
-9689
-14279
-16322
-15451
-11819
-6073
762
7463
12828
15896
16113
13438
8348
1757
-5153
-11137
-15118
-16376
-14681
-10337
-4126
2833
9282
14053
16283
15564
12024
6302
-565
-7331
-12768
-15885
-16112
-13407
-8258
-1603
5347
11323
15233
16360
14496
9979
3633
-3380
-9776
-14380
-16346
-15310
-11460
-5501
1473
8177
13376
16111
15874
12706
7190
343
-6569
-12268
-15696
-16216
-13730
-8695
-2044
4989
11097
15141
16369
14548
10015
3612
-3466
-9899
-14485
-16363
-15181
-11156
-5041
2022
8707
13760
16231
15652
12130
6324
-673
-7546
-12999
-16001
-15984
-12948
-7464
-567
6439
12228
15703
16201
13626
8465
1693
-5402
-11471
-15360
-16325
-14181
-9331
-2701
4447
10748
14997
16378
14626
10073
3589
-3586
-10075
-14631
-16379
-14979
-10698
-4357
2824
9464
14281
16345
15254
11216
5009
-2168
-8928
-13961
-16290
-15462
-11635
-5547
1619
8473
13682
16229
15617
11962
5974
-1181
-8108
-13453
-16170
-15726
-12205
-6293
854
7835
13282
16123
15798
12369
6506
-638
-7659
-13173
-16092
-15838
-12458
-6616
535
7582
13131
16082
15848
12473
6623
-543
-7603
-13155
-16092
-15829
-12415
-6527
664
7724
13245
16123
15781
12283
6328
-896
-7943
-13399
-16171
-15698
-12074
-6023
1240
8256
13613
16229
15576
11783
5611
-1696
-8662
-13879
-16291
-15407
-11403
-5088
2261
9153
14189
16345
15180
10928
4451
-2933
-9723
-14532
-16379
-14884
-10349
-3698
3710
10362
14895
16378
14505
9657
2827
-4586
-11059
-15261
-16325
-14029
-8844
-1835
5554
11800
15611
16200
13440
7901
725
-6603
-12565
-15924
-15982
-12722
-6820
501
7720
13335
16176
15648
11860
5597
-1835
-8887
-14083
-16338
-15176
-10838
-4229
3268
10081
14782
16382
14541
9645
2718
-4781
-11277
-15399
-16276
-13721
-8270
-1072
6356
12441
15897
15990
12696
6711
-698
-7961
-13537
-16239
-15490
-11448
-4968
2571
9564
14521
16382
14748
9964
3051
-4517
-11121
-15346
-16286
-13737
-8242
-977
6500
12582
15963
15911
12437
6284
-1225
-8471
-13893
-16318
-15220
-10834
-4105
3514
10374
14991
16360
14183
8928
1735
-5838
-12144
-15811
-16039
-12776
-6729
786
8131
13705
16288
15314
10992
4265
-3397
-10317
-14979
-16359
-14151
-8836
-1580
6025
12308
15885
15967
12532
6335
-1260
-8580
-14007
-16343
-15067
-10460
-3537
4171
10957
15317
16281
13632
7957
512
-7048
-13043
-16137
-15639
-11657
-5075
2641
9769
14718
16380
14380
9164
1895
-5801
-12198
-15863
-15970
-12493
-6209
1472
8824
14193
16368
14858
9999
2884
-4883
-11551
-15610
-16144
-13026
-6961
682
8172
13813
16322
15129
10500
3485
-4324
-11151
-15443
-16221
-13303
-7352
277
7845
13624
16292
15236
10696
3706
-4134
-11028
-15397
-16235
-13348
-7395
259
7855
13647
16299
15199
10596
3550
-4317
-11190
-15481
-16195
-13166
-7091
627
8202
13879
16339
15010
10197
3014
-4871
-11625
-15677
-16081
-12740
-6430
1381
8872
14295
16380
14638
9474
2092
-5782
-12304
-15944
-15847
-12032
-5393
2515
9834
14843
16361
14029
8392
776
-7024
-13170
-16209
-15421
-10988
-3957
4013
11034
15445
16196
13108
6910
-930
-8552
-14143
-16373
-14709
-9544
-2104
5839
12391
15990
15773
11790
4988
-3008
-10286
-15105
-16308
-13603
-7637
163
7925
13787
16337
14961
9986
2606
-5403
-12112
-15904
-15860
-11989
-5222
2808
10162
15060
16314
13619
7624
-221
-8014
-13865
-16350
-14865
-9766
-2291
5744
12382
16006
15729
11617
4669
-3420
-10676
-15325
-16228
-13160
-6870
1104
8810
14357
16384
14389
8860
1152
-6841
-13153
-16230
-15310
-10617
-3306
4823
11763
15800
15935
12130
5324
-2802
-10236
-15135
-16284
-13395
-7181
818
8616
14274
16383
14417
8861
1096
-6944
-13255
-16259
-15206
-10354
-2913
5258
12115
15942
15777
11658
4616
-3587
-10891
-15462
-16149
-12776
-6189
1957
9613
14849
16343
13715
7626
-390
-8310
-14131
-16380
-14485
-8922
-1098
7006
13336
16284
15099
10078
2496
-5723
-12489
-16077
-15572
-11099
-3795
4478
11611
15780
15919
11989
4991
-3285
-10723
-15415
-16158
-12757
-6082
2156
9842
15001
16304
13413
7069
-1098
-8983
-14555
-16373
-13966
-7952
117
8159
14092
16380
14428
8737
781
-7380
-13628
-16340
-14808
-9428
-1595
6655
13175
16265
15118
10029
2324
-5991
-12743
-16167
-15367
-10547
-2966
5393
12341
16057
15563
10986
3524
-4865
-11978
-15944
-15716
-11352
-3998
4412
11660
15836
15833
11650
4389
-4034
-11393
-15739
-15919
-11884
-4698
3735
11179
15658
15980
12057
4927
-3515
-11023
-15599
-16020
-12172
-5077
3374
10927
15563
16041
12231
5148
-3315
-10892
-15552
-16045
-12235
-5141
3336
10918
15568
16032
12184
5055
-3437
-11005
-15608
-16002
-12077
-4891
3619
11152
15672
15951
11913
4647
-3880
-11357
-15755
-15878
-11689
-4323
4220
11617
15855
15777
11401
3917
-4637
-11928
-15965
-15642
-11045
-3427
5130
12285
16078
15467
10617
2854
-5694
-12681
-16187
-15245
-10111
-2195
6327
13109
16281
14966
9523
1451
-7024
-13560
-16351
-14621
-8846
-621
7778
14023
16383
14199
8075
-293
-8581
-14487
-16365
-13691
-7206
1288
9425
14936
16283
13086
6235
-2360
-10297
-15357
-16121
-12373
-5160
3502
11183
15730
15864
11543
3979
-4705
-12068
-16038
-15494
-10586
-2695
5959
12933
16260
14996
9496
1311
-7247
-13756
-16374
-14354
-8267
165
8552
14514
16357
13554
6898
-1721
-9852
-15181
-16188
-12583
-5390
3342
11122
15729
15844
11431
3748
-5008
-12334
-16129
-15304
-10092
-1984
6694
13453
16350
14548
8563
114
-8370
-14446
-16362
-13562
-6850
1840
10000
15274
16136
12333
4962
-3847
-11544
-15899
-15647
-10857
-2917
5872
12958
16280
14870
9136
741
-7871
-14193
-16379
-13791
-7179
1530
9794
15199
16162
12399
5008
-3852
-11585
-15925
-15598
-10695
-2653
6170
13183
16322
14663
8690
158
-8423
-14524
-16345
-13346
-6409
2423
10540
15545
15955
11646
3889
-5021
-12446
-16183
-15123
-9576
-1185
7559
14060
16383
13833
7168
-1634
-9950
-15304
-16096
-12087
-4470
4484
12099
16101
15289
9902
1551
-7267
-13909
-16384
-13946
-7322
1501
9875
15284
16099
12072
4411
-4579
-12193
-16133
-15209
-9698
-1258
7564
14102
16380
13704
6882
-2025
-10321
-15491
-15967
-11599
-3711
5305
12712
16258
14861
8944
303
-8432
-14600
-16320
-13064
-5822
3199
11245
15857
15623
10612
2352
-6629
-13583
-16375
-14149
-7582
1313
9806
15290
16076
11920
4096
-4990
-12541
-16231
-14920
-9007
-315
8477
14653
16303
12915
5532
-3564
-11559
-15976
-15444
-10125
-1664
7315
14025
16380
13646
6670
-2383
-10696
-15681
-15783
-10966
-2729
6361
13468
16371
14161
7525
-1466
-10000
-15406
-15989
-11564
-3513
5642
13028
16327
14499
8116
-820
-9500
-15193
-16104
-11944
-4020
5174
12737
16283
14690
8457
-450
-9217
-15070
-16156
-12127
-4256
4965
12614
16264
14753
8558
-357
-9161
-15053
-16159
-12122
-4225
5020
12667
16277
14695
8422
-541
-9333
-15144
-16114
-11929
-3925
5338
12892
16316
14509
8046
-1001
-9728
-15332
-16008
-11537
-3353
5912
13276
16363
14177
7418
-1736
-10331
-15592
-15816
-10927
-2503
6732
13790
16384
13669
6523
-2741
-11117
-15886
-15496
-10071
-1371
7777
14396
16330
12946
5343
-4004
-12047
-16161
-14999
-8938
44
9015
15038
16142
11962
3862
-5504
-13068
-16348
-14263
-7496
1735
10398
15644
15746
10666
2073
-7204
-14109
-16364
-13222
-5716
3678
11860
16124
15059
9012
-18
-9044
-15077
-16114
-11810
-3587
5827
13309
16372
13995
6965
-2384
-10941
-15857
-15493
-9966
-1116
8109
14630
16268
12473
4509
-4964
-12778
-16319
-14397
-7652
1657
10414
15679
15684
10425
1662
-7660
-14409
-16314
-12730
-4859
4649
12593
16294
14500
7813
-1512
-10329
-15658
-15695
-10424
-1626
7725
14462
16300
12613
4649
-4895
-12779
-16325
-14326
-7457
1950
10694
15801
15528
9965
1005
-8300
-14776
-16209
-12109
-3870
5692
13311
16377
13839
6563
-2964
-11476
-16056
-15129
-9010
204
9349
15284
15965
11155
2505
-7009
-14111
-16352
-12956
-5091
4532
12593
16306
14386
7493
-1994
-10792
-15856
-15430
-9658
-537
8772
15040
16089
11551
2999
-6597
-13901
-16370
-13143
-5338
4327
12487
16294
14418
7510
-2021
-10849
-15887
-15372
-9480
-269
9037
15181
16006
11220
2498
-7102
-14211
-16331
-12713
-4625
5090
13017
16363
13948
6618
-3046
-11638
-16126
-14923
-8451
1007
10112
15643
15642
10105
989
-8479
-14944
-16113
-11567
-2915
6773
14057
16348
12829
4746
-5027
-13013
-16366
-13889
-6461
3273
11841
16184
14750
8046
-1535
-10569
-15824
-15417
-9491
-164
9224
15307
15900
10789
1803
-7832
-14655
-16211
-11938
-3369
6415
13890
16363
12939
4848
-4993
-13034
-16371
-13794
-6233
3584
12106
16249
14511
7516
-2203
-11126
-16015
-15095
-8695
864
10111
15684
15556
9768
424
-9076
-15272
-15904
-10737
-1653
8036
14793
16149
11604
2816
-7003
-14262
-16302
-12372
-3909
5989
13692
16375
13048
4929
-5001
-13096
-16377
-13636
-5876
4049
12484
16321
14142
6748
-3138
-11867
-16216
-14575
-7547
2273
11254
16072
14940
8274
-1459
-10654
-15899
-15245
-8933
699
10072
15704
15497
9524
6
-9516
-15496
-15702
-10053
-654
8991
15282
15866
10522
1243
-8502
-15068
-15995
-10933
-1774
8051
14860
16096
11292
2247
-7643
-14664
-16173
-11600
-2661
7281
14483
16230
11860
3017
-6965
-14321
-16271
-12076
-3316
6699
14182
16301
12249
3558
-6483
-14068
-16321
-12382
-3743
6318
13982
16334
12476
3873
-6206
-13924
-16341
-12532
-3946
6147
13897
16344
12552
3964
-6140
-13899
-16343
-12534
-3926
6187
13931
16338
12479
3833
-6286
-13994
-16327
-12387
-3684
6438
14084
16311
12256
3479
-6641
-14202
-16286
-12084
-3217
6895
14345
16250
11871
2897
-7199
-14510
-16200
-11612
-2521
7550
14693
16133
11306
2086
-7948
-14892
-16043
-10950
-1592
8388
15101
15927
10541
1040
-8868
-15315
-15779
-10075
-430
9385
15529
15593
9549
-238
-9934
-15735
-15363
-8960
963
10510
15927
15083
8305
-1743
-11106
-16097
-14745
-7581
2575
11717
16235
14344
6785
-3457
-12333
-16333
-13870
-5916
4383
12947
16381
13319
4973
-5349
-13548
-16368
-12684
-3956
6347
14126
16284
11957
2866
-7369
-14668
-16117
-11135
-1706
8405
15160
15857
10212
480
-9445
-15590
-15492
-9185
805
10475
15943
15012
8053
-2143
-11479
-16202
-14408
-6816
3522
12443
16352
13671
5476
-4930
-13347
-16378
-12793
-4038
6351
14173
16262
11769
2509
-7769
-14900
-15992
-10597
-901
9163
15507
15552
9275
-774
-10510
-15971
-14930
-7808
2497
11786
16270
14118
6202
-4247
-12963
-16384
-13106
-4468
6000
14014
16291
11894
2622
-7727
-14908
-15973
-10481
-683
9397
15617
15416
8873
-1322
-10975
-16109
-14606
-7082
3364
12424
16358
13539
5126
-5406
-13706
-16338
-12211
-3029
7409
14780
16027
10629
822
-9328
-15608
-15407
-8805
1458
11116
16152
14468
6760
-3765
-12723
-16379
-13206
-4524
6048
14097
16259
11628
2136
-8252
-15189
-15770
-9749
357
10316
15951
14898
7594
-2898
-12176
-16340
-13639
-5203
5423
13769
16321
12000
2624
-7860
-15032
-15865
-10004
81
10134
15907
14958
7685
-2841
-12166
-16342
-13599
-5093
5573
13877
16297
11801
2295
-8188
-15194
-15743
-9598
631
10594
16048
14668
7038
-3593
-12694
-16381
-13078
-4190
6488
14397
16152
11001
1143
-9207
-15616
-15337
-8487
2003
11636
16278
13935
5608
-5129
-13664
-16327
-11969
-2461
8108
15188
15726
9488
-841
-10810
-16116
-14468
-6572
4164
13103
16378
12571
3324
-7363
-14864
-15928
-10089
124
10285
15986
14749
7107
-3623
-12781
-16384
-12862
-3744
7006
14707
16003
10325
145
-10100
-15940
-14823
-7234
3517
12733
16384
12870
3725
-7052
-14743
-15977
-10210
35
10266
15994
14704
6957
-3848
-12963
-16381
-12596
-3268
7500
14968
15843
9737
-662
-10772
-16130
-14370
-6265
4609
13448
16344
12012
2365
-8331
-15339
-15555
-8878
1736
11582
16291
13771
5136
-5782
-14132
-16202
-11067
-1008
9502
15783
15035
7588
-3243
-12629
-16383
-12826
-3542
7326
14922
15850
9690
-805
-10942
-16182
-14175
-5817
5150
13809
16276
11439
1466
-9167
-15684
-15152
-7808
3050
12537
16382
12850
3529
-7385
-14971
-15805
-9509
1081
11185
16237
13953
5359
-5659
-14119
-16190
-10930
-718
9821
15910
14784
6950
-4039
-13196
-16361
-12091
-2325
8501
15461
15386
8305
-2559
-12259
-16373
-13021
-3729
7267
14947
15802
9437
-1242
-11355
-16276
-13749
-4928
6151
14414
16073
10362
-103
-10522
-16113
-14306
-5927
5178
13903
16236
11099
853
-9788
-15922
-14720
-6732
4362
13445
16325
11668
1620
-9177
-15735
-15017
-7353
3716
13066
16366
12085
2201
-8704
-15574
-15219
-7798
3245
12782
16381
12364
2596
-8381
-15459
-15340
-8075
2954
12608
16384
12517
2807
-8214
-15401
-15393
-8190
2845
12550
16384
