1651 2 1ba4 1 1 0
0
0
0
0
0
0
1
1
1
1
0
0
0
-1
-2
-3
-4
-4
-3
-3
-1
2
4
5
6
5
3
0
-3
-6
-8
-9
-7
-3
1
6
13
18
19
16
10
-1
-14
-23
-29
-27
-20
-11
8
23
41
49
46
33
15
-11
-32
-57
-68
-65
-47
-14
20
59
83
96
94
61
18
-32
-85
-118
-134
-117
-78
-17
58
126
172
185
155
98
8
-86
-180
-240
-250
-210
-117
8
142
264
340
339
273
135
-45
-240
-403
-488
-482
-369
-156
122
415
652
771
733
514
139
-351
-867
-1281
-1478
-1349
-785
252
1755
3664
5868
8214
10527
12631
14366
15625
16342
16513
16184
15440
14402
13216
11960
10761
9662
8685
7820
7027
6251
5413
4494
3457
2288
1011
-340
-1720
-3091
-4409
-5628
-6754
-7775
-8715
-9587
-10415
-11229
-12022
-12809
-13572
-14285
-14930
-15488
-15926
-16252
-16429
-16488
-16439
-16283
-16048
-15728
-15352
-14909
-14402
-13818
-13158
-12409
-11576
-10641
-9626
-8541
-7387
-6191
-4962
-3708
-2434
-1171
94
1359
2613
3862
5102
6311
7492
8646
9746
10775
11747
12636
13429
14141
14757
15275
15691
16015
16228
16348
16368
16264
16061
15751
15335
14814
14181
13460
12628
11716
10727
9668
8526
7337
6103
4811
3490
2147
769
-608
-1984
-3349
-4686
-6002
-7273
-8489
-9644
-10743
-11759
-12687
-13529
-14265
-14900
-15441
-15849
-16155
-16327
-16386
-16386
-16319
-16133
-15819
-15382
-14827
-14166
-13386
-12508
-11532
-10477
-9326
-8100
-6820
-5469
-4078
-2646
-1203
258
1714
3161
4587
5977
7322
8611
9829
10971
12020
12979
13836
14575
15188
15690
16056
16288
16375
16335
16156
15851
15406
14829
14118
13292
12342
11291
10146
8899
7588
6196
4755
3263
1754
213
-1322
-2845
-4349
-5825
-7239
-8598
-9871
-11071
-12169
-13161
-14033
-14789
-15386
-15855
-16185
-16347
-16376
-16234
-15960
-15528
-14957
-14239
-13400
-12432
-11342
-10142
-8828
-7441
-5973
-4432
-2859
-1255
368
1979
3567
5113
6618
8054
9415
10688
11872
12942
13890
14711
15378
15894
16223
16401
16397
16224
15878
15365
14699
13899
12964
11914
10751
9477
8119
6653
5086
3450
1722
-60
-1870
-3702
-5520
-7280
-8960
-10514
-11920
-13145
-14189
-15030
-15662
-16105
-16348
-16401
-16290
-16010
-15563
-14955
-14195
-13291
-12240
-11043
-9715
-8270
-6712
-5076
-3367
-1621
145
1900
3643
5333
6962
8502
9955
11288
12488
13559
14471
15224
15792
16185
16371
16369
16169
15770
15181
14412
13468
12350
11090
9699
8191
6577
4890
3140
1340
-477
-2286
-4080
-5825
-7500
-9069
-10546
-11882
-13072
-14098
-14942
-15606
-16064
-16320
-16372
-16215
-15855
-15283
-14515
-13572
-12441
-11141
-9709
-8136
-6460
-4702
-2866
-996
878
2760
4592
6381
8073
9668
11127
12437
13589
14561
15329
15900
16258
16386
16290
15976
15444
14697
13739
12600
11282
9804
8184
6466
4642
2747
828
-1122
-3049
-4939
-6766
-8488
-10102
-11569
-12868
-13985
-14904
-15616
-16096
-16344
-16344
-16360
-16135
-15679
-14986
-14077
-12959
-11648
-10169
-8537
-6763
-4898
-2961
-970
1037
3024
4970
6841
8617
10262
11749
13068
14189
15091
15762
16204
16374
16318
15995
15428
14622
13587
12336
10901
9285
7526
5646
3680
1638
-421
-2467
-4495
-6438
-8288
-10008
-11566
-12940
-14110
-15054
-15748
-16198
-16375
-16296
-15948
-15340
-14477
-13387
-12066
-10535
-8839
-6997
-5034
-2980
-886
1230
3332
5377
7341
9177
10849
12350
13646
14712
15524
16081
16356
16353
16076
15512
14679
13588
12261
10718
9001
7119
5125
3020
874
-1294
-3446
-5531
-7534
-9389
-11103
-12618
-13905
-14954
-15718
-16205
-16398
-16300
-15874
-15194
-14221
-13002
-11547
-9887
-8056
-6077
-3982
-1805
419
2636
4831
6941
8935
10767
12389
13776
14865
15648
16096
16187
15924
15308
14371
13127
11619
9866
7936
5836
3640
1389
-886
-3135
-5317
-7399
-9353
-11132
-12700
-14020
-15063
-15821
-16269
-16392
-16197
-15670
-14831
-13687
-12268
-10606
-8725
-6677
-4493
-2221
105
2416
4685
6869
8911
10774
12425
13820
14941
15758
16241
16390
16205
15682
14832
13673
12226
10517
8593
6493
4255
1925
-443
-2815
-5127
-7327
-9372
-11234
-12853
-14189
-15240
-15954
-16328
-16355
-16026
-15347
-14338
-13022
-11420
-9559
-7502
-5268
-2932
-514
1905
4298
6590
8737
10700
12417
13867
15016
15828
16282
16369
16110
15465
14471
13162
11551
9683
7587
5323
2935
470
-2000
-4432
-6760
-8936
-10915
-12641
-14069
-15178
-15938
-16328
-16337
-15970
-15226
-14117
-12690
-10970
-8982
-6772
-4413
-1935
576
3084
3084
5519
7822
9955
11842
13450
14735
15666
16216
16386
16150
15523
14530
13184
11503
9544
7360
4987
2494
-80
-2629
-5118
-7501
-9693
-11643
-13307
-14653
-15625
-16211
-16384
-16156
-15514
-14491
-13100
-11366
-9361
-7114
-4679
-2131
477
3074
5590
7975
10156
12082
13689
14965
15841
16308
16358
15974
15190
14003
12451
10563
8406
6023
3489
855
-1807
-4408
-6904
-9216
-11286
-13057
-14495
-15538
-16181
-16388
-16153
-15487
-14398
-12919
-11088
-8961
-6574
-4016
-1345
1349
4016
6566
8942
11072
12902
14381
15468
16138
16379
16152
15495
14393
12891
11015
8826
6386
3765
1032
-1729
-4442
-7013
-9389
-11474
-13246
-14641
-15626
-16184
-16294
-15950
-15167
-13963
-12353
-10380
-8072
-5527
-2772
107
2999
5826
8479
10888
12927
14538
15673
16244
16269
15748
14687
13134
11172
8854
6279
3528
692
-2147
-4903
-7500
-9861
-11946
-13659
-14984
-15873
-16296
-16231
-15684
-14651
-13178
-11284
-9045
-6512
-3776
-917
1969
4789
7471
9907
12042
13797
15115
15982
16349
16211
15569
14463
12876
10904
8586
5990
3210
317
-2581
-5422
-8086
-10493
-12578
-14237
-15465
-16180
-16391
-16063
-15227
-13911
-12138
-9985
-7496
-4778
-1892
1049
3966
6767
9327
11606
13503
14960
15919
16364
16266
15635
14487
12859
10798
8391
5698
2815
-163
-3143
-6017
-8686
-11072
-13086
-14667
-15759
-16315
-16322
-15766
-14688
-13114
-11099
-8685
-5994
-3080
-68
2941
5872
8589
11017
13074
14678
15769
16328
16310
15733
14613
12984
10894
8433
5673
2696
-361
-3412
-6333
-9051
-11441
-11441
-13431
-14951
-15948
-16367
-16217
-15489
-14205
-12416
-10181
-7571
-4706
-1668
1450
4500
7394
10029
12302
14124
15440
16203
16366
15948
14941
13386
11340
8896
6096
3082
-39
-3176
-6186
-8975
-11435
-13466
-15012
-15993
-16387
-16161
-15338
-13942
-12026
-9639
-6913
-3913
-764
2417
5502
8383
10951
13098
14749
15854
16347
16226
15486
14154
12274
9935
7202
4183
1007
-2218
-5367
-8296
-10901
-13101
-14775
-15875
-16361
-16210
-15418
-14026
-12101
-9695
-6918
-3857
-669
2576
5725
8634
11228
13381
15001
16044
16426
16158
15237
13692
11599
9022
6089
2916
-374
-3637
-6741
-9566
-11994
-13947
-15325
-16114
-16253
-15752
-14630
-12927
-10680
-7983
-4925
-1644
1754
5103
8249
11065
13406
15131
16166
16418
15894
14596
12578
9950
6849
3418
-165
-3720
-7076
-10089
-12614
-14570
-15853
-16449
-16334
-15522
-14069
-12046
-9546
-6633
-3462
-144
3177
6392
9337
11900
13968
15444
16247
16356
15738
14432
12479
9977
7036
3771
355
-3082
-6374
-9375
-11963
-14026
-15470
-16237
-16293
-15639
-14275
-12299
-9781
-6809
-3542
-112
3325
6640
9648
12221
14250
15648
16327
16279
15490
13994
11870
9196
6125
2757
-734
-4190
-7452
-10378
-12833
-14703
-15896
-16371
-16089
-15064
-13359
-11015
-8180
-4947
-1493
2036
5475
8656
11436
13683
15305
16206
16348
15718
14358
12313
9703
6625
3235
-313
-3851
-7198
-10208
-12740
-14673
-15904
-16382
-16069
-14990
-13205
-10782
-7833
-4511
-972
2621
6090
9255
11985
14136
15609
16312
16234
15366
13747
11462
8613
5335
1801
-1820
-1820
-5358
-8636
-11491
-13786
-15403
-16257
-16304
-15543
-14032
-11795
-8986
-5730
-2187
1472
5052
8392
11303
13665
15328
16228
16316
15578
14053
11830
8989
5706
2124
-1569
-5178
-8527
-11446
-13787
-15419
-16265
-16279
-15472
-13845
-11520
-8616
-5254
-1618
2092
5719
9032
11888
14130
15644
16337
16189
15193
13405
10914
7856
4374
652
-3096
-6680
-9921
-12641
-14687
-15957
-16384
-15936
-14639
-12589
-9860
-6608
-3017
744
4466
7956
11021
13497
15276
16229
16310
15531
13897
11509
8483
4993
1229
-2620
-6317
-9679
-12490
-14627
-15944
-16394
-15940
-14605
-12481
-9678
-6375
-2724
1066
4780
8258
11276
13696
15382
16248
16236
15320
13540
10993
7801
4116
173
-3823
-7616
-10989
-13687
-15561
-16458
-16313
-15111
-12927
-9902
-6218
-2133
2095
6183
9871
12925
15160
16441
16716
15980
14297
11783
8613
4970
1057
-2864
-6601
-9941
-12708
-14743
-15948
-16234
-15610
-14090
-11752
-8743
-5212
-1353
2603
6407
9869
12746
14878
16134
16429
15745
14111
11639
8482
4804
855
-3148
-6951
-10349
-13106
-15098
-16177
-16301
-15446
-13674
-11087
-7823
-4103
-129
3860
7625
10940
13578
15418
16312
16216
15135
13128
10329
6876
3008
-1038
-5027
-8724
-11867
-14285
-15818
-16395
-15946
-14529
-12198
-9122
-5485
-1494
2578
6494
10015
12915
15012
16166
16323
15455
13621
10931
7548
3698
-394
-4458
-8247
-11519
-14061
-15727
-16386
-16008
-14612
-12295
-9188
-5505
-1464
2670
6636
10182
13085
15143
16227
16275
15289
13303
10464
6946
2977
-1180
-5261
-9010
-12175
-14554
-15982
-15982
-16378
-15708
-14004
-11397
-8032
-4147
4
4169
8055
11417
14032
15723
16384
15954
14475
12045
8811
4993
837
-3366
-7367
-10867
-13636
-15509
-16346
-16096
-14756
-12440
-9284
-5512
-1367
2887
6938
10524
13407
15387
16322
16157
14899
12622
9490
5710
1544
-2739
-6821
-10460
-13373
-15377
-16319
-16152
-14869
-12568
-9404
-5587
-1388
2897
6993
10614
13498
15436
16320
16070
14709
12329
9083
5195
962
-3362
-7456
-11025
-13838
-15674
-16399
-15983
-14432
-11862
-8443
-4439
-103
4236
8272
11721
14327
15911
16372
15644
13820
11021
7434
3329
-1014
-5272
-9159
-12405
-14760
-16072
-16248
-15250
-13174
-10139
-6357
-2090
2349
6633
10454
13535
15618
16552
16250
14730
12092
8538
4352
-156
-4591
-8613
-11904
-14168
-15230
-14991
-13467
-10787
-7198
-2953
1579
6026
10021
13267
15491
16533
16295
14822
12219
8698
4550
66
-4409
-8521
-11989
-14542
-16010
-16280
-15324
-13224
-10135
-6289
-1959
2516
6804
10592
13577
15547
16332
15878
14211
11442
7795
3535
-1001
-5457
-9509
-12828
-15152
-16303
-16191
-14832
-12319
-8844
-4685
-164
4365
8552
12080
14664
16105
16285
15202
12935
9647
5610
1133
-3438
-7743
-11440
-14241
-15932
-16351
-15472
-13395
-10240
-6277
-1817
2797
7199
11021
13970
15806
16384
15652
13665
10584
6664
2192
-2450
-6898
-10787
-13819
-15733
-16384
-15703
-13763
-10711
-6783
-2309
2356
6827
10751
13794
15729
16373
15684
13714
10626
6668
2153
-2537
-7023
-10930
-13946
-15813
-16378
-15588
-13524
-10332
-6284
-1719
2991
7458
11311
14215
15952
15952
16351
15386
13146
9809
5650
1006
-3718
-8131
-11859
-14598
-16115
-16271
-15069
-12588
-9041
-4727
-21
4698
9026
12582
15075
16281
16113
14574
11792
7992
3524
-1247
-5924
-10092
-13396
-15554
-16379
-15797
-13858
-10714
-6651
-2013
2792
7355
11297
14259
15973
16324
15248
12855
9341
5010
244
-4546
-8935
-12558
-15076
-16284
-16071
-14453
-11557
-7637
-3057
1802
6515
10660
13853
15844
16420
15539
13277
9828
5501
678
-4194
-8704
-12420
-15027
-16293
-16092
-14449
-11517
-7562
-2942
1943
6643
10734
13865
15758
16237
15259
12930
9442
5105
305
-4536
-8982
-12636
-15157
-16344
-16032
-14256
-11177
-7046
-2236
2813
7639
11778
14828
16495
16611
15150
12232
8146
3267
-1893
-6852
-11089
-14168
-15778
-15734
-14064
-10918
-6615
-1585
3628
8515
12570
15368
16641
16248
14252
10852
6380
1295
-3903
-8706
-12656
-15358
-16580
-16212
-14291
-11038
-6747
-1851
3206
7941
11897
14728
16151
16057
14439
11467
7414
2647
-2360
-7148
-11268
-14323
-16004
-16164
-14777
-11965
-7983
-3238
1837
6755
11030
14231
16053
16323
14990
12201
8207
3420
-1716
-6683
-10990
-14228
-16068
-16337
-14996
-12178
-8158
-3354
1790
6761
11051
14256
16058
16276
14881
12015
7962
3118
-2032
-6979
-11240
-14386
-16100
-16221
-14714
-11747
-7590
-2682
2498
7437
11634
14653
16214
16142
14437
11294
7003
1999
-3205
-8093
-12151
-14996
-16308
-15975
-14015
-10635
-6164
-1067
4130
8918
12795
15373
16379
15700
13420
9762
5112
-72
-5260
-9904
-13514
-15761
-16367
-15291
-12630
-8669
-3798
1463
1463
6569
11009
14293
16099
16225
14680
11593
7297
2236
-3056
-8028
-12172
-15030
-16325
-15901
-13817
-10271
-5653
-425
4836
9592
13348
15687
16367
15320
12655
8647
3720
-1607
-6761
-11205
-14449
-16157
-16159
-14427
-11157
-6687
-1511
3840
8788
12780
15415
16391
15612
13147
9262
4385
-972
-6247
-10830
-14250
-16116
-16243
-14603
-11393
-6925
-1701
3705
8705
12757
15412
16389
15565
13049
9091
4156
-1241
-6486
-11027
-14341
-16093
-16074
-14291
-10941
-6392
-1148
4229
9139
13042
15508
16276
15248
12541
8443
3404
-2029
-7248
-11691
-14832
-16329
-16017
-13907
-10222
-5376
100
5594
10481
14197
16313
16566
14924
11568
6856
1355
-4308
-9483
-13545
-16029
-16620
-15274
-12146
-7612
-2251
3305
8356
12277
14601
15006
13455
10150
5487
54
-5495
-10434
-14176
-16229
-16361
-14508
-10911
-5996
-356
5345
10410
14235
16374
16580
14826
11324
6506
936
-4729
-9818
-13734
-16026
-16445
-14923
-11665
-7064
-1636
3962
9089
13137
15635
16305
15068
12062
7647
2329
-3252
-8457
-12658
-15380
-16290
-15266
-12439
-8134
-2854
2767
8065
12411
15289
16344
15442
12697
8426
3147
-2523
-7905
-12331
-15282
-16384
-15521
-12786
-8501
-3187
2524
7921
12371
15311
16409
15501
12722
8395
3033
-2681
-8085
-12495
-15381
-16395
-15406
-12535
-8131
-2714
3023
8384
12726
15509
16378
15248
12223
7712
2233
-3516
-8832
-13068
-15679
-16356
-15011
-11800
-7123
-1559
4200
9433
13499
15876
16298
14668
11222
6358
701
-5038
-10161
-14004
-16088
-16161
-14210
-10456
-5393
358
6052
10984
10984
14546
16260
15926
13579
9511
4230
-1586
-7207
-11904
-15095
-16371
-15569
-12771
-8351
-2867
2994
8465
12863
15609
16370
15017
11749
6964
1295
-4553
-9823
-13816
-16041
-16196
-14255
-10478
-5347
485
6252
11217
14720
16318
15800
13219
8916
3469
-2443
-8039
-12590
-15484
-16364
-15096
-11870
-7085
-1360
4528
9831
13845
16025
16113
14080
10195
4970
-919
-6659
-11546
-14904
-16292
-15526
-12713
-8218
-2631
3304
8798
13150
15753
16253
14609
11016
5943
81
-5813
-10938
-14604
-16336
-15873
-13285
-8910
-3314
2752
8453
13036
15863
16556
14995
11396
6228
201
-5875
-11163
-14943
-16671
-16106
-13329
-8703
-2875
3356
9141
13636
16232
16575
14595
10598
5123
-1037
-7010
-11960
-15176
-16222
-14955
-11597
-6640
-822
4983
9908
13235
14460
13417
10226
5377
-411
-6279
-11364
-14889
-16312
-15440
-12323
-7407
-1426
4813
10380
14485
16538
16235
13616
9051
3192
-3123
-8981
-13571
-16214
-16555
-14542
-10451
-4892
1356
7399
12382
15600
16584
15214
11681
6491
387
-5751
-11071
-14797
-16414
-15691
-12730
-7961
-2054
4136
9732
13929
16133
16029
13620
9271
3587
-2614
-8445
-13045
-15786
-16246
-14359
-10399
-4944
1239
7233
12181
15376
16343
14939
11360
6130
-5
-6131
-11379
-14960
-16370
-15378
-12145
-7130
-1058
5160
10623
14538
16317
15703
12774
7962
1978
-4315
-9954
-14131
-16228
-15935
-13261
-8635
-2723
3588
9372
13768
16116
16065
13636
9167
3324
-3005
-8898
-13461
-16006
-16173
-13910
-9562
-3786
2563
8531
13220
15929
16228
14101
9834
4099
-2268
-2268
-8289
-13064
-15859
-16268
-14202
-9986
-4264
2114
8171
12988
15837
16266
14233
10023
4297
-2096
-8175
-13000
-15845
-16257
-14187
-9949
-4177
2239
8306
13104
15891
16227
14072
9746
3920
-2512
-8561
-13287
-15970
-16178
-13876
-9438
-3530
2933
8930
13554
16067
16086
13604
8997
2994
-3494
-9425
-13895
-16193
-15963
-13238
-8431
-2302
4195
10033
14311
16337
15801
12764
7715
1444
-5052
-10763
-14788
-16473
-15542
-12147
-6824
-404
6091
11618
15300
16548
15155
11342
5699
-854
-7280
-12546
-15799
-16515
-14566
-10284
-4327
2321
8604
13489
16180
16267
13700
8920
2695
-3959
-9966
-14327
-16341
-15688
-12475
-7235
-827
5676
11230
14908
16118
14670
10837
5248
-1136
-7266
-12124
-14925
-15222
-13012
-8712
-3099
2829
8048
11629
12943
11770
8312
3166
-2765
-8424
-12810
-15137
-14953
-12262
-7446
-1335
5058
10678
14527
15966
14721
11009
5410
-1111
-7482
-12612
-15625
-16019
-13710
-9094
-2926
3739
9778
14177
16184
15452
12113
6737
216
-6344
-11823
-15302
-16188
-14338
-10051
-4079
2596
8804
13527
15947
15650
12701
7604
1207
-5365
-11043
-14812
-16056
-14573
-10600
-4827
1761
8039
12938
15611
15623
12955
8074
1818
-4745
-10474
-14408
-15863
-14586
-10809
-5171
1344
7628
12581
15359
15485
12930
8158
1982
-4535
-10257
-14200
-15674
-14419
-10682
-5077
1403
7619
12508
15221
15269
12655
7840
1668
-4797
-10408
-14191
-15489
-14063
-10187
-4524
1920
8030
12712
15154
14924
12071
7089
872
-5489
-10876
-14332
-15249
-13472
-9314
-3495
2909
8789
13107
15098
15098
14397
11132
5905
-382
-6566
-11587
-14535
-14878
-12563
-8007
-2034
4298
9852
13616
14938
13589
9789
4251
-2048
-7961
-12436
-14650
-14228
-11242
-6237
-123
6018
11047
14064
14532
12377
7967
2135
-4077
-9536
-13245
-14542
-13177
-9432
-3976
2196
7952
12242
14280
13707
10627
5607
-426
-6365
-11104
-13807
-13975
-11549
-7027
-1212
4796
9901
13170
14002
12232
8214
2700
-3304
-8675
-12409
-13833
-12679
-9189
-3991
1923
7439
11556
13500
12916
9924
5095
-651
-6252
-10653
-13030
-12954
-10453
-6014
-471
5124
9709
12442
12817
10781
6716
1438
-4075
-8762
-11754
-12493
-10879
-7215
-2242
3105
7799
10958
11994
10742
7485
2857
-2241
-6816
-10009
-11230
-10288
-7408
-3214
1483
5729
8708
9835
8948
6253
2354
-1940
-5732
-8251
-8957
-7696
-4713
-628
3733
7492
9859
10329
8778
5478
1070
-3602
-7600
-10159
-10740
-9226
-5896
-1411
3370
7514
10193
10882
9439
6145
1651
-3165
-7368
-10119
-10897
-9515
-6276
-1808
3001
7213
10002
10811
9493
6315
1893
-2881
-7071
-9856
-10685
-9394
-6261
-1907
2811
6950
9692
10508
9240
6141
1845
-2791
-6854
-9534
-10303
-9025
-5963
-1732
2824
6794
9376
10083
8770
5723
1550
-2900
-6748
-9218
-9836
-8478
-5434
-1322
3031
6734
9076
9561
8149
5085
1042
-3195
-6743
-8922
-9288
-7771
-4699
-708
3399
6783
8779
8979
7361
4272
340
-3626
-6837
-8623
-8657
-6926
-3807
60
3882
6887
8455
8299
6443
3298
-506
-4162
-6941
-8280
-7909
-5930
-2753
962
4447
6983
8065
8065
7489
5378
2183
-1438
-4712
-7011
-7827
-7031
-4786
-1580
1916
5002
7005
7550
6530
4162
962
-2405
-5248
-6967
-7232
-5984
-3503
-329
2882
5465
6884
6857
5400
2830
-297
-3334
-5635
-6743
-6433
-4780
-2136
913
3749
5763
6545
5942
4116
1432
-1513
-4118
-5818
-6278
-5420
-3423
-737
2068
4419
5804
5950
4845
2735
72
-2577
-4647
-5713
-5553
-4223
-2026
561
3006
4785
5529
5093
3587
1347
-1143
-3357
-4839
-5267
-4582
-2945
-714
1646
3603
4777
4921
4038
2314
128
-2037
-3744
-4630
-4518
-3471
-1722
346
2304
3735
4352
4058
2926
1218
-682
-2402
-3572
-3984
-3571
-2455
-879
810
2270
3222
3507
3095
2130
838
-534
-1715
-2513
-2853
-2768
-2379
-1853
-1393
-1110
-1079
-1277
-1587
-1851
-1928
-1699
-1132
-297
669
1574
2208
2422
2142
1407
346
-818
-1839
-2478
-2608
-2169
-1273
-87
1134
2117
2647
2616
2002
963
-295
-1482
-2343
-2693
-2456
-1681
-545
710
1793
2486
2625
2173
1263
78
-1113
-2048
-2522
-2427
-1802
-790
394
1465
2205
2438
2129
1353
285
-826
-1735
-2256
-2262
-1755
-873
188
1201
1913
2192
1972
1313
379
-635
-1484
-1980
-2020
-1603
-838
107
1001
1652
1923
1747
1186
366
-534
-1280
-1731
-1762
-1405
-732
89
884
1456
1680
1518
1014
289
-487
-1134
-1503
-1529
-1190
-598
120
804
1275
1453
1291
831
197
-484
-1024
-1315
-1303
-990
-452
179
748
1134
1257
1073
651
89
89
-489
-937
-1150
-1104
-793
-315
228
716
1009
1070
878
486
-5
-492
-847
-1006
-913
-615
-173
284
675
891
899
697
324
-104
-495
-767
-850
-721
-434
-57
339
632
780
730
510
172
-190
-502
-691
-705
-553
-269
75
392
605
666
567
337
23
-286
-527
-628
-567
-386
-96
209
461
593
580
420
160
-143
-406
-576
-595
-477
-229
76
355
562
637
543
331
19
-304
-559
-680
-644
-458
-145
208
524
727
768
625
333
-46
-437
-743
-896
-838
-594
-200
258
681
970
1057
919
569
67
-473
-945
-1247
-1297
-1078
-608
17
701
1299
1684
1767
1511
919
75
-931
-1913
-2752
-3316
-3537
-3377
-2874
-2108
-1199
-280
522
1104
1410
1422
1182
767
252
-245
-650
-891
-950
-824
-551
-201
154
452
643
707
611
409
158
-120
-350
-496
-538
-468
-311
-102
108
289
404
429
362
230
58
-119
-252
-334
-337
-268
-163
-14
119
226
268
260
191
94
-26
-127
-200
-222
-187
-126
-35
55
127
170
167
130
72
-2
-76
-119
-138
-119
-75
-16
37
76
104
99
74
21
-22
-44
-72
-74
-55
-33
6
37
52
63
48
30
3
-25
-41
-42
-40
-17
-4
22
34
44
44
30
7
-12
-32
-34
-30
-19
-3
14
22
33
33
24
12
-8
-21
-30
-24
-24
-24
2
-2
15
16
21
18
3
-5
-11
-21
-25
-11
-6
2
9
15
17
15
1
-8
-10
-21
-21
-14
-3
2
18
18
20
18
3
-12
-24
-22
-35
-15
-5
19
33
37
40
33
13
-15
-30
-57
-63
-49
-35
0
28
54
83
74
63
31
-8
-61
-90
-109
-100
-65
-22
37
89
134
145
131
83
4
-72
-147
-191
-195
-169
-94
19
114
214
261
257
208
94
-34
-176
-288
-354
-342
-258
-109
76
262
407
483
463
338
128
-125
-381
-582
-687
-645
-465
-184
192
557
870
1044
1031
797
369
-216
-869
-1510
-2049
-2386
-2457
-2282
-1863
-1263
-573
108
683
1083
1257
1197
958
566
139
-278
-588
-762
-767
-631
-394
-107
184
411
535
533
438
262
54
-147
-306
-401
-394
-314
-180
-23
122
235
290
278
223
114
-2
-114
-178
-221
-207
-152
-75
20
91
147
158
147
100
34
-21
-82
-107
-109
-95
-56
-10
29
68
93
81
58
25
2
-19
-43
-52
-41
-30
-12
8
26
35
32
29
18
3
-9
-15
-20
-24
-9
-10
2
5
8
12
14
7
7
2
-5
2
-7
-9
-8
-7
5
5
2
4
14
3
3
3
7
-10
-6
-8
7
-8
-4
8
9
6
0
6
0
-1
-12
-12
-2
-7
1
10
5
6
2
3
-4
-3
-8
-5
-4
-5
1
13
6
5
12
10
-3
-4
-6
-3
-3
-2
-3
7
4
4
2
14
8
10
6
-1
-2
-11
-17
-11
-7
-9
0
14
23
26
36
20
7
-5
-25
-38
-44
-44
-33
-17
18
45
56
70
61
39
3
-39
-58
-88
-100
-84
-38
0
53
99
127
125
102
56
-10
-85
-147
-172
-174
-130
-63
41
131
208
246
231
169
59
-66
-192
-290
-344
-312
-230
-73
110
278
421
468
446
312
98
-155
-417
-615
-722
-686
-513
-210
191
622
1038
1342
1521
1511
1327
968
505
3
-489
-869
-1126
-1198
-1090
-855
-505
-133
210
479
632
642
535
355
118
-109
-304
-413
-424
-372
-243
-66
90
216
292
305
256
157
43
-82
-164
-211
-216
-179
-105
-19
61
122
148
159
131
73
7
-44
-100
-116
-117
-85
-46
-7
39
82
92
84
68
19
-10
-37
-50
-71
-65
-36
-10
15
35
46
38
39
16
-1
-18
-27
-29
-28
-21
-11
-1
13
12
20
14
10
8
-5
-1
-6
-3
-2
-7
5
-6
2
-1
7
8
6
6
6
8
-13
-1
-10
10
-2
0
7
4
9
12
-1
-8
-3
-2
2
-8
-2
6
1
4
7
7
-3
1
-1
-8
-10
-1
1
2
0
2
0
-2
-9
-3
-2
-12
-4
5
0
2
7
8
7
1
-4
-4
-8
-13
-7
-1
-4
9
15
19
9
16
5
-6
-13
-20
-22
-29
-16
2
9
24
27
30
35
11
4
-11
-33
-45
-55
-47
-24
-2
26
52
71
73
63
38
-5
-55
-85
-103
-105
-85
-37
27
81
125
149
140
100
42
-34
-119
-177
-202
-182
-126
-26
75
181
249
278
232
152
23
-115
-250
-348
-378
-324
-208
-17
189
376
511
555
484
300
31
-284
-594
-828
-917
-836
-573
-118
470
1110
1730
2263
2600
2729
2613
2277
1753
1126
490
-102
-549
-835
-929
-840
-627
-315
6
285
478
562
533
399
209
-2
-199
-337
-388
-370
-272
-138
14
154
248
279
250
183
82
-30
-120
-188
-201
-184
-120
-50
26
95
137
148
129
80
23
-30
-72
-104
-97
-88
-51
-15
32
57
72
76
65
32
6
-28
-47
-61
-45
-40
-15
-1
18
38
45
35
24
5
-2
-12
-18
-24
-21
-16
-5
5
10
14
19
13
11
-1
-1
-15
-16
-11
-4
-7
1
13
3
4
5
5
6
2
-1
-11
-1
-6
-6
-7
2
-5
5
-2
3
-4
-1
3
-1
2
-5
-4
-6
3
3
-2
5
-3
0
3
3
-5
-4
3
-5
7
3
1
-1
4
-4
-6
1
5
-4
-3
1
-5
-5
-1
-4
-4
-1
-3
8
2
11
7
11
2
-3
-16
-15
-13
-16
-9
2
-2
18
12
16
13
2
-6
-12
-25
-25
-24
-19
-8
9
19
32
37
37
22
14
-9
-38
-59
-63
-59
-35
-3
35
55
84
81
65
38
-5
-56
-88
-116
-108
-88
-35
11
75
125
152
150
118
58
-30
-106
-173
-210
-200
-158
-66
38
168
258
305
288
223
99
-72
-243
-387
-473
-465
-361
-175
84
373
647
858
963
961
829
566
229
-147
-515
-810
-1021
-1096
-1030
-858
-593
-291
5
257
438
498
474
361
205
23
-136
-254
-309
-304
-235
-143
-19
91
176
220
210
164
88
11
-70
-135
-156
-155
-112
-61
4
70
98
112
115
77
41
-9
-54
-82
-85
-79
-47
-22
22
50
68
56
59
35
12
-15
-32
-39
-45
-29
-18
-2
15
25
36
30
29
10
5
-7
-16
-19
-21
-21
-8
6
14
16
15
14
9
1
-7
-7
-9
-4
-4
2
-9
-1
8
4
2
-2
1
-2
6
1
-3
-3
-2
3
3
1
0
9
2
8
7
-5
-1
-6
-2
5
7
2
2
6
3
3
3
0
0
-2
10
-1
-7
2
-2
-4
1
-5
4
0
7
5
6
2
0
2
2
-2
-4
14
9
5
7
2
-4
-7
-14
-7
-7
-2
7
-2
9
3
15
11
12
8
2
-9
-11
-19
-16
-8
-8
11
20
29
30
34
18
1
-19
-29
-35
-40
-28
-12
7
23
48
56
54
40
21
-12
-44
-56
-74
-71
-58
-16
20
71
89
110
106
67
20
-42
-92
-128
-146
-127
-78
-11
65
131
189
202
167
105
16
-98
-199
-265
-286
-261
-156
-20
148
306
424
463
422
294
70
-205
-507
-786
-989
-1107
-1100
-966
-730
-419
-70
260
544
732
798
754
618
409
171
-61
-243
-365
-399
-354
-260
-123
18
142
227
264
245
182
83
