1651 2 105c 1 1 0
0
0
0
0
0
0
1
1
1
2
2
2
1
0
-1
-2
-3
-3
-3
-2
0
3
5
7
8
7
4
1
-3
-8
-11
-12
-10
-6
1
8
14
19
20
16
8
-2
-14
-24
-31
-31
-25
-13
3
21
36
44
43
32
13
-12
-38
-58
-68
-65
-48
-18
18
54
82
94
87
60
17
-34
-83
-119
-132
-118
-76
-14
58
124
169
183
158
97
8
-90
-178
-235
-246
-204
-113
13
149
266
338
343
274
137
-45
-237
-398
-489
-482
-365
-150
127
416
651
773
736
519
138
-353
-864
-1282
-1483
-1348
-787
247
1751
3662
5868
8214
10526
12628
14365
15624
16340
16509
16178
15436
14403
13205
11959
10758
9659
8685
7820
7023
6240
5413
4494
3454
2287
1010
-343
-1727
-3095
-4406
-5629
-6751
-7774
-8712
-9586
-10418
-11229
-12026
-12811
-13570
-14285
-14931
-15484
-15924
-16240
-16426
-16487
-16434
-16280
-16041
-15729
-15351
-14909
-14400
-13819
-13157
-12408
-11568
-10639
-9624
-8535
-7385
-6187
-4956
-3705
-2442
-1175
92
1355
2613
3862
5097
6313
7499
8646
9743
10779
11744
12629
13428
14136
14750
15267
15686
16007
16226
16344
16357
16263
16061
15751
15332
14807
14178
13451
12629
11720
10729
9664
8533
7342
6099
4812
3489
2140
772
-605
-1980
-3344
-4687
-5998
-7268
-8487
-9647
-10739
-11754
-12684
-13524
-14265
-14903
-15432
-15848
-16146
-16324
-16380
-16314
-16124
-15812
-15380
-14830
-14166
-13392
-12514
-11539
-10472
-9323
-8099
-6811
-5466
-4077
-2654
-1207
251
1710
3157
4582
5972
7316
8603
9822
10963
12017
12974
13826
14565
15186
15681
16047
16280
16378
16338
16161
15847
15399
14819
14113
13285
12341
11291
10141
8903
7585
6199
4757
3272
1755
221
-1317
-2846
-4352
-5822
-7241
-8598
-9880
-11075
-12171
-13159
-14028
-14771
-15380
-15849
-16173
-16349
-16373
-16246
-15967
-15539
-14965
-14250
-13400
-12422
-11325
-10119
-8815
-7425
-5962
-4440
-2873
-1276
336
1947
3541
5103
6617
8068
9442
10725
11903
12965
13899
14695
15346
15843
16182
16357
16367
16211
15890
15406
14764
13969
13029
11954
10753
9439
8025
6526
4956
3332
1670
-11
-1695
-3362
-4997
-6580
-8095
-9525
-10855
-12069
-13155
-14099
-14892
-15523
-15986
-16274
-16383
-16313
-16062
-15633
-15030
-14258
-13327
-12245
-11024
-9678
-8221
-6669
-5039
-3350
-1620
130
1881
3613
5306
6939
8494
9953
11297
12512
13582
14494
15236
15800
16178
16365
16358
16155
15760
15176
14408
13466
12361
11105
9712
8200
6586
4889
3130
1331
-487
-2301
-4089
-5829
-7498
-9076
-10543
-11879
-13068
-14093
-14942
-15603
-16067
-16328
-16380
-16224
-15859
-15290
-14524
-13569
-12438
-11144
-9703
-8135
-6458
-4694
-2867
-1000
883
2756
4595
6375
8073
9664
11128
12445
13596
14565
15339
15905
16256
16387
16294
15978
15443
14694
13743
12601
11283
9807
8192
6462
4640
2750
819
-1125
-3056
-4946
-6768
-8496
-10105
-11571
-12874
-13994
-14914
-15621
-16102
-16352
-16364
-16139
-15678
-14988
-14077
-12959
-11649
-10166
-8531
-6768
-4902
-2961
-974
1030
3020
4968
6843
8617
10263
11755
13070
14188
15091
15765
16197
16381
16314
15995
15428
14621
13587
12340
10899
9286
7526
5645
3674
1643
-417
-2472
-4490
-6439
-8288
-10006
-11565
-12941
-14110
-15053
-15753
-16199
-16383
-16301
-15952
-15343
-14482
-13382
-12061
-10540
-8843
-6998
-5035
-2986
-885
1233
3333
5379
7337
9173
10856
12358
13652
14715
15529
16079
16355
16351
16066
15504
14675
13591
12271
10736
9013
7132
5124
3024
869
-1304
-3456
-5549
-7547
-9412
-11113
-12617
-13898
-14932
-15700
-16187
-16383
-16284
-15892
-15211
-14254
-13037
-11581
-9913
-8062
-6061
-3946
-1757
466
2683
4853
6935
8891
10682
12276
13643
14755
15591
16135
16375
16306
15928
15248
14278
13035
11541
9826
7921
5861
3687
1440
-838
-3101
-5307
-7411
-9374
-11155
-12721
-14038
-15082
-15830
-16267
-16383
-16175
-15647
-14807
-13672
-12263
-10608
-8739
-6693
-4510
-2235
88
2412
4688
6872
8918
10785
12433
13829
14942
15750
16234
16385
16197
15674
14826
13668
12226
10526
8606
6503
4262
1929
-446
-2815
-5126
-7331
-9382
-11236
-12852
-14196
-15238
-15954
-16328
-16352
-16023
-15349
-14341
-13023
-11420
-9567
-7505
-5276
-2930
-518
1908
4294
6588
8738
10698
12422
13872
15014
15823
16280
16373
16099
15464
14480
13169
11559
9686
7593
5325
2933
473
-2000
-4430
-6760
-8938
-10912
-12636
-14070
-15180
-15940
-16330
-16341
-15971
-15229
-14129
-12698
-10968
-8978
-6775
-4410
-1939
581
3088
5525
7832
9955
11842
13447
14731
15662
16217
16382
16151
15529
14530
13178
11504
9548
7357
4985
2488
-72
-2633
-5131
-7504
-9694
-11646
-13311
-14647
-15619
-16202
-16382
-16151
-15516
-14490
-13099
-11376
-9365
-7115
-4683
-2130
479
3078
5601
7983
10163
12084
13696
14958
15834
16303
16350
15973
15182
13995
12443
10564
8408
6030
3492
860
-1797
-4409
-6907
-9224
-11299
-13075
-14506
-15551
-16182
-16381
-16142
-15470
-14381
-12905
-11080
-8954
-6584
-4033
-1371
1330
3998
6558
8942
11083
12922
14407
15498
16163
16382
16148
15467
14356
12846
10977
8800
6376
3771
1059
-1685
-4384
-6962
-9346
-11468
-13267
-14691
-15699
-16262
-16362
-15996
-15172
-13913
-12254
-10241
-7933
-5394
-2697
80
2856
5553
8090
10393
12396
14039
15272
16059
16375
16211
15570
14468
12939
11026
8785
6281
3589
788
-2039
-4808
-7435
-9841
-11954
-13709
-15053
-15944
-16354
-16270
-15693
-14640
-13140
-11240
-8995
-6473
-3752
-913
1955
4766
7433
9872
12008
13775
15116
15990
16367
16235
15596
14471
12891
10907
8579
5980
3191
298
-2606
-5429
-8084
-10483
-12552
-14223
-15442
-16169
-16380
-16066
-15237
-13918
-12150
-9990
-7505
-4777
-1891
1058
3975
6765
9337
11606
13498
14950
15913
16354
16259
15628
14481
12855
10803
8391
5700
2817
-162
-3138
-6012
-8686
-11072
-13089
-14667
-15753
-16310
-16317
-15773
-14694
-13117
-11094
-8692
-5992
-3086
-73
2945
5865
8586
11013
13064
14666
15764
16317
16307
15731
14608
12978
10894
8428
5667
2705
-353
-3402
-6333
-9043
-11437
-13430
-14949
-15940
-16367
-16214
-15484
-14202
-12414
-10180
-7582
-4709
-1666
1439
4495
7391
10022
12294
14122
15441
16199
16370
15946
14940
13388
11346
8886
6100
3087
-41
-3170
-6184
-8972
-11431
-13468
-15007
-15990
-16379
-16158
-15334
-13938
-12019
-9648
-6914
-3918
-773
2404
5492
8375
10943
13099
14759
15859
16357
16231
15487
14150
12270
9919
7186
4175
1001
-2214
-5346
-8273
-10883
-13072
-14755
-15866
-16361
-16218
-15441
-14061
-12130
-9721
-6930
-3864
-643
2604
5752
8674
11255
13391
14997
16009
16384
16106
15185
13656
11580
9038
6131
2976
-300
-3567
-6692
-9549
-12021
-14008
-15428
-16221
-16355
-15823
-14644
-12867
-10561
-7821
-4759
-1498
1826
5077
8121
10832
13096
14819
15928
16377
16145
15239
13698
11584
8983
6005
2772
-579
-3907
-7074
-9944
-12397
-14327
-15651
-16313
-16283
-15561
-14175
-12185
-9673
-6746
-3529
-158
3222
6466
9434
11997
14044
15486
16259
16328
15689
14368
12422
9933
7009
3778
379
-3039
-6326
-9337
-11939
-14018
-15481
-16261
-16323
-15663
-14309
-12319
-9780
-6805
-3525
-85
3360
6658
9660
12230
14254
15637
16318
16264
15476
13988
11866
9206
6125
2765
-723
-4181
-7450
-10381
-12839
-14711
-15910
-16380
-16097
-15073
-13354
-11018
-8171
-4945
-1487
2041
5478
8661
11443
13694
15307
16206
16347
15722
14359
12320
9701
6624
3232
-315
-3849
-7203
-10218
-12749
-14677
-15907
-16381
-16073
-14998
-13204
-10777
-7832
-4510
-968
2623
6089
9263
11993
14143
15610
16322
16241
15370
13751
11460
8609
5336
1800
-1827
-5367
-8645
-11500
-13791
-15403
-16256
-16307
-15550
-14023
-11800
-8989
-5729
-2183
1475
5062
8397
11315
13667
15336
16235
16319
15581
14057
11823
8990
5701
2121
-1569
-5182
-8533
-11452
-13789
-15423
-16271
-16287
-15469
-13856
-11532
-8613
-5249
-1613
2109
5724
9045
11900
14140
15647
16341
16186
15187
13395
10903
7839
4362
655
-3088
-6672
-9906
-12621
-14672
-15949
-16384
-15952
-14674
-12617
-9889
-6633
-3022
752
4489
7988
11061
13544
15302
16239
16304
15491
13842
11446
8431
4957
1213
-2599
-6272
-9607
-12420
-14559
-15905
-16384
-15967
-14676
-12579
-9792
-6465
-2781
1059
4842
8361
11419
13848
15511
16315
16214
15211
13362
10767
7570
3949
104
-3748
-7393
-10625
-13262
-15155
-16195
-16324
-15531
-13860
-11405
-8302
-4726
-881
3017
6746
10092
12865
14905
16094
16363
15694
14125
11744
8686
5127
1270
-2663
-6443
-9854
-12696
-14803
-16053
-16371
-15737
-14186
-11808
-8739
-5157
-1272
2689
6496
9923
12769
14865
16087
16362
15670
14052
11602
8463
4820
890
-3096
-6900
-10295
-13078
-15082
-16185
-16320
-15478
-13707
-11111
-7847
-4108
-120
3878
7644
10949
13594
15417
16305
16204
15118
13110
10303
6866
3007
-1037
-5020
-8698
-11844
-14265
-15810
-16382
-15946
-14525
-12207
-9133
-5491
-1508
2571
6493
10014
12912
15008
16169
16321
15453
13617
10926
7549
3696
-391
-4456
-8243
-11512
-14055
-15712
-16375
-16001
-14612
-12295
-9194
-5508
-1468
2667
6635
10180
13076
15137
16227
16277
15280
13301
10463
6949
2985
-1174
-5259
-9006
-12171
-14548
-15982
-16376
-15705
-14009
-11399
-8042
-4158
0
4161
8051
11414
14028
15721
16379
15956
14480
12046
8814
4996
844
-3365
-7353
-10854
-13634
-15506
-16345
-16092
-14762
-12443
-9289
-5510
-1359
2886
6938
10526
13405
15380
16317
16150
14888
12617
9487
5711
1545
-2729
-6819
-10446
-13361
-15363
-16315
-16149
-14874
-12577
-9415
-5602
-1402
2898
6999
10619
13506
15458
16340
16088
14718
12323
9069
5182
930
-3388
-7472
-11035
-13826
-15649
-16374
-15949
-14400
-11837
-8437
-4441
-128
4196
8225
11673
14294
15902
16379
15691
13885
11087
7497
3368
-1003
-5305
-9228
-12492
-14859
-16159
-16296
-15259
-13121
-10034
-6220
-1954
2456
6690
10440
13433
15451
16345
16048
14580
12047
8631
4582
195
-4208
-8304
-11793
-14415
-15978
-16363
-15541
-13571
-10597
-6836
-2568
1893
6216
10079
13194
15329
16321
16096
14669
12145
8710
4621
183
-4270
-8405
-11910
-14519
-16036
-16343
-15416
-13324
-10221
-6343
-1983
2531
6854
10659
13653
15609
16374
15890
14191
11405
7744
3488
-1038
-5487
-9515
-12813
-15126
-16273
-16164
-14806
-12301
-8843
-4698
-186
4342
8536
12066
14659
16110
16304
15224
12953
9667
5622
1133
-3446
-7757
-11459
-14261
-15940
-16362
-15492
-13396
-10240
-6270
-1802
2812
7205
11026
13972
15805
16379
15646
13661
10583
6656
2193
-2448
-6894
-10788
-13816
-15733
-16382
-15709
-13767
-10710
-6786
-2309
2356
6833
10756
13807
15735
16381
15692
13721
10627
6663
2151
-2539
-7023
-10933
-13945
-15812
-16377
-15592
-13520
-10330
-6285
-1718
2994
7460
11309
14220
15950
16353
15393
13150
9808
5644
1007
-3717
-8132
-11866
-14606
-16120
-16279
-15067
-12584
-9039
-4729
-17
4699
9018
12576
15068
16281
16112
14571
11789
8000
3527
-1249
-5921
-10088
-13393
-15552
-16377
-15795
-13855
-10723
-6665
-2030
2782
7355
11295
14259
15990
16335
15262
12863
9344
5011
239
-4556
-8955
-12574
-15096
-16297
-16071
-14436
-11534
-7616
-3027
1830
6529
10653
13840
15805
16374
15494
13241
9813
5512
720
-4139
-8631
-12356
-14982
-16271
-16108
-14505
-11602
-7659
-3028
1878
6617
10763
13942
15867
16363
15382
13011
9463
5057
191
-4694
-9156
-12788
-15260
-16344
-15940
-14083
-10940
-6797
-2031
2923
7612
11605
14536
16132
16247
14868
12119
8252
3622
-1345
-6189
-10463
-13771
-15803
-16371
-15420
-13035
-9438
-4960
-18
4928
9416
13027
15421
16373
15791
13729
10378
6050
1152
-3857
-8505
-12353
-15037
-16303
-16028
-14237
-11097
-6904
-2054
2993
7758
11787
14695
16205
16170
14591
11618
7532
2724
-2347
-7196
-11356
-14427
-16112
-16248
-14819
-11961
-7948
-3166
1925
6831
11079
14254
16048
16285
14940
12141
8159
3381
-1729
-6673
-10967
-14190
-16027
-16294
-14965
-12166
-8172
-3372
1761
6723
11024
14240
16052
16278
14895
12036
7984
3139
-2020
-6980
-11249
-14400
-16119
-16231
-14725
-11747
-7594
-2680
2504
7440
11632
14658
16213
16138
14439
11285
6992
1992
-3212
-8093
-12157
-14992
-16310
-15973
-14015
-10632
-6167
-1072
4134
8921
12800
15373
16376
15703
13423
9766
5106
-80
-5260
-9902
-13526
-15758
-16367
-15287
-12628
-8662
-3799
1460
6569
11000
14290
16097
16231
14676
11591
7297
2239
-3054
-8031
-12169
-15035
-16327
-15907
-13817
-10274
-5650
-429
4839
9599
13348
15690
16374
15327
12656
8644
3714
-1613
-6771
-11210
-14459
-16170
-16157
-14422
-11145
-6677
-1493
3853
8789
12784
15409
16381
15592
13125
9245
4366
-985
-6232
-10808
-14217
-16090
-16220
-14593
-11382
-6934
-1730
3663
8660
12716
15387
16380
15585
13086
9155
4219
-1180
-6453
-11019
-14376
-16155
-16157
-14379
-11017
-6437
-1145
4275
9225
13156
15632
16375
15303
12530
8364
3267
-2197
-7418
-11814
-14893
-16311
-15906
-13721
-10000
-5156
267
5663
10425
14017
16033
16245
14626
11357
6804
1481
-4011
-9052
-13070
-15607
-16376
-15286
-12458
-8213
-3031
2498
7744
12109
15093
16354
15745
13333
9393
4375
-1147
-6540
-11183
-14542
-16228
-16045
-14013
-10362
-5513
-26
5467
10329
13997
16043
16227
14528
11139
6453
1013
-4546
-9578
-13493
-15835
-16326
-14907
-11743
-7201
-1814
3789
8949
13059
15634
16370
15176
12193
7769
2426
-3206
-8461
-12716
-15466
-16383
-15356
-12504
-8165
-2853
2801
8124
12480
15347
16383
15461
12688
8396
3095
-2578
-7945
-12359
-15289
-16381
-15502
-12753
-8466
-3156
2538
7927
12360
15297
16382
15482
12702
8378
3034
-2681
-8071
-12481
-15370
-16384
-15399
-12530
-8128
-2729
3006
8375
12718
15501
16381
15246
12233
7713
2241
-3511
-8831
-13061
-15678
-16356
-15008
-11799
-7125
-1565
4192
9430
13496
15883
16292
14668
11213
6356
702
-5042
-10156
-14000
-16089
-16160
-14201
-10456
-5394
348
6050
10990
14545
16265
15930
13580
9509
4233
-1582
-7199
-11903
-15097
-16372
-15564
-12773
-8353
-2866
2989
8464
12860
15611
16364
15020
11750
6970
1293
-4552
-9814
-13814
-16036
-16191
-14257
-10481
-5349
477
6243
11203
14712
16314
15798
13230
8940
3486
-2425
-8022
-12574
-15487
-16378
-15129
-11900
-7111
-1389
4517
9832
13859
16065
16160
14127
10233
4989
-915
-6701
-11604
-14974
-16364
-15588
-12746
-8212
-2587
3384
8907
13247
15826
16297
14596
10947
5835
-59
-5947
-11041
-14658
-16313
-15780
-13128
-8713
-3124
2887
8511
12991
15721
16331
14736
11149
6053
136
-5801
-10955
-14624
-16310
-15781
-13107
-8648
-3011
3039
8677
13133
15797
16303
14581
10862
5655
-330
-6271
-11354
-14879
-16360
-15591
-12676
-8013
-2243
3838
9391
13649
16021
16177
14093
10055
4621
-1456
-7334
-12194
-15360
-16389
-15135
-11771
-6764
-810
5259
10594
14450
16284
15836
13168
8651
2918
-3228
-8922
-13362
-15922
-16239
-14266
-10278
-4836
1291
7237
12162
15365
16391
15092
11650
6551
519
-5589
-10904
-14667
-16339
-15681
-12783
-8057
-2177
4017
9638
13879
16131
16069
13698
9357
3669
-2550
-8403
-13048
-15811
-16293
-14422
-10464
-4991
1207
7232
12211
15420
16391
14980
11391
6142
-3
-6150
-11402
-14992
-16393
-15400
-12153
-7127
-1054
5175
10647
14558
16333
15707
12770
7953
1962
-4320
-9968
-14145
-16234
-15924
-13258
-8628
-2718
3598
9381
13774
16122
16074
13633
9162
3324
-3012
-8900
-13462
-16013
-16171
-13909
-9563
-3782
2567
8534
13221
15923
16231
14096
9838
4095
-2267
-8289
-13061
-15861
-16262
-14203
-9991
-4263
2113
8170
12988
15834
16272
14234
10026
4289
-2104
-8178
-13005
-15845
-16262
-14191
-9945
-4173
2241
8312
13109
15891
16230
14071
9743
3912
-2524
-8572
-13298
-15969
-16171
-13870
-9419
-3507
2950
8952
13564
16069
16075
13578
8966
2955
-3519
-9444
-13896
-16177
-15927
-13185
-8376
-2253
4224
10040
14280
16276
15712
12675
7641
1401
-5061
-10725
-14696
-16345
-15409
-12034
-6752
-399
6018
11481
15121
16359
14994
11244
5702
-750
-7083
-12286
-15527
-16288
-14444
-10288
-4484
2039
8235
13110
15881
16099
13729
9150
3097
-3456
-9451
-13922
-16145
-15759
-12825
-7817
-1543
4981
10698
14678
16276
15230
11707
6281
-168
-6589
-11936
-15335
-16231
-14476
-10355
-4540
2016
8242
13116
15839
15962
13464
8753
2604
-3973
-9894
-14184
-16134
-15422
-12164
-6897
-490
5996
11487
15075
16162
14568
10557
4792
-1767
-8030
-12955
-15720
-15865
-13364
-8633
-2463
4117
10006
14218
16048
15189
11783
6402
-52
-6494
-11841
-15194
-15988
-14088
-9814
-3888
2692
8813
13442
15795
15474
12532
7469
1142
-5374
-10974
-14706
-15936
-14453
-10512
-4782
1758
7994
12862
15528
15540
12893
8043
1819
-4712
-10429
-14353
-15808
-14547
-10786
-5173
1325
7590
12540
15323
15459
12925
8161
1989
-4520
-10240
-14180
-15657
-14417
-10676
-5084
1385
7606
12496
15204
15260
12654
7844
1670
-4789
-10401
-14188
-15485
-14069
-10189
-4526
1922
8025
12709
15151
14925
12071
7094
874
-5490
-10876
-14333
-15251
-13471
-9310
-3507
2909
8798
13116
15099
14396
11136
5900
-376
-6575
-11590
-14530
-14872
-12558
-8005
-2029
4298
9844
13616
14940
13583
9791
4248
-2046
-7960
-12429
-14652
-14231
-11246
-6239
-117
6013
11042
14064
14534
12373
7975
2142
-4066
-9521
-13234
-14534
-13187
-9445
-3993
2173
7927
12221
14273
13714
10650
5647
-376
-6313
-11079
-13800
-13983
-11600
-7093
-1295
4724
9856
13160
14029
12311
8327
2818
-3194
-8598
-12396
-13888
-12805
-9354
-4180
1752
7340
11547
13595
13109
10186
5377
-418
-6114
-10651
-13185
-13249
-10837
-6408
-797
4944
9738
12690
13252
11325
7280
1883
-3848
-8833
-12137
-13143
-11668
-8000
-2837
2841
7959
11553
12948
11887
8581
3662
-1930
-7132
-10959
-12688
-12000
-9033
-4361
1121
6365
10373
12385
12025
9371
4939
-417
-5668
-9810
-12054
-11978
-9606
-5403
-183
5047
9281
11711
11875
9752
5762
681
-4505
-8796
-11366
-11728
-9820
-6023
-1080
4046
8360
11031
11547
9820
6194
1385
-3667
-7978
-10711
-11343
-9760
-6283
-1600
3369
7651
10412
11121
9649
6296
1730
-3148
-7379
-10136
-10886
-9492
-6240
-1781
3001
7162
9885
10642
9294
6120
1758
-2924
-6997
-9658
-10390
-9058
-5940
-1665
2912
6880
9454
10131
8788
5705
1508
-2960
-6807
-9269
-9863
-8483
-5418
-1292
3063
6773
9099
9584
8145
5082
1021
-3213
-6770
-8939
-9293
-7773
-4699
-702
3405
6793
8783
8983
7366
4272
338
-3632
-6834
-8625
-8652
-6923
-3803
64
3885
6885
8458
8295
6445
3296
-498
-4157
-6936
-8273
-7908
-5929
-2753
957
4439
6979
8065
7486
5376
2180
-1434
-4720
-7004
-7825
-7026
-4786
-1580
1921
4993
7003
7547
6525
4162
961
-2408
-5244
-6965
-7224
-5980
-3507
-329
2885
5466
6882
6851
5392
2824
-307
-3341
-5645
-6746
-6424
-4762
-2120
937
3765
5773
6548
5941
4092
1404
-1549
-4144
-5838
-6284
-5400
-3388
-684
2133
4468
5832
5948
4804
2657
-27
-2675
-4724
-5747
-5539
-4158
-1909
718
3161
4901
5578
5058
3467
1156
-1373
-3577
-4991
-5320
-4508
-2742
-411
1978
3913
4984
4973
3895
1995
-309
-2516
-4154
-4876
-4539
-3229
-1241
989
2975
4292
4665
4025
2524
497
-1609
-3338
-4320
-4352
-3440
-1794
217
2153
3594
4233
3942
2798
1060
-883
-2606
-3735
-4033
-3446
-2116
-342
1480
2951
3754
3723
2878
1414
-338
-1989
-3178
-3650
-3314
-2254
-714
958
2394
3279
3428
2819
1597
42
-1497
-2681
-3253
-3096
-2257
-931
579
1936
2842
3102
2669
1651
283
-1125
-2259
-2871
-2834
-2166
-1027
322
1576
2456
2773
2465
1611
412
-858
-1914
-2523
-2555
-2015
-1032
165
1303
2128
2460
2233
1508
456
-678
-1639
-2213
-2277
-1827
-972
86
1105
1855
2171
1990
1362
438
-568
-1425
-1943
-2011
-1620
-869
64
965
1628
1908
1748
1193
378
-508
-1259
-1709
-1759
-1406
-740
82
869
1440
1670
1513
1013
291
-483
-1130
-1504
-1524
-1194
-597
125
802
1281
1454
1289
830
190
-480
-1025
-1321
-1306
-989
-451
180
754
1142
1256
1077
652
86
-488
-935
-1155
-1101
-793
-308
238
715
1016
1072
878
483
-14
-497
-852
-1000
-911
-611
-176
291
677
897
900
693
329
-104
-501
-772
-854
-734
-444
-58
333
636
781
739
524
191
-178
-497
-689
-715
-571
-296
42
361
587
667
588
372
74
-235
-479
-604
-582
-422
-167
121
373
529
556
449
239
-23
-272
-449
-515
-456
-290
-60
178
368
464
447
323
126
-96
-289
-407
-424
-340
-176
25
214
347
393
343
213
35
-146
-287
-355
-335
-236
-82
87
230
313
319
247
118
-35
-176
-270
-296
-250
-145
-8
127
227
269
245
162
43
-84
-186
-240
-234
-172
-70
46
148
210
219
175
90
-15
-113
-180
-202
-174
-104
-11
81
151
182
168
113
32
-54
-124
-162
-158
-117
-47
31
100
142
148
117
59
-12
-78
-122
-135
-115
-67
-4
58
104
122
110
72
17
-41
-86
-109
-104
-74
-26
27
71
96
97
74
33
-15
-57
-84
-90
-73
-38
5
45
73
82
70
41
4
-34
-62
-73
-66
-43
-9
25
52
66
62
43
14
-17
-44
-58
-58
-43
-18
11
36
51
53
41
20
-6
-29
-45
-48
-40
-22
1
23
38
44
38
22
2
-18
-33
-39
-35
-22
-5
14
28
35
33
22
7
-10
-24
-31
-30
-22
-8
7
20
27
28
21
9
-5
-17
-24
-25
-20
-10
3
14
21
23
19
10
-1
-11
-18
-21
-18
-10
0
9
16
19
16
10
1
-7
-14
-17
-15
-10
-2
6
12
15
14
9
3
-5
-11
-14
-13
-9
-3
4
9
13
12
9
3
-3
-8
-11
-11
-9
-4
2
7
10
10
8
4
-2
-6
-9
-10
-7
-3
1
6
9
9
7
3
-1
-5
-8
-8
-6
-3
1
5
7
8
6
3
-1
-4
-7
-7
-5
-3
1
4
6
6
5
2
-1
-4
-6
-6
-5
-2
1
3
5
5
4
1
-1
-3
-5
-5
-3
-1
1
3
4
4
3
1
-1
-3
-4
-3
-2
-1
1
2
3
3
2
0
-1
-2
-3
-2
-1
0
1
2
2
2
1
0
-1
-2
-2
-1
-1
0
1
1
1
1
0
0
0
-1
-1
-1
0
0
0
0
0
0
0
0
0
0
0
0
0
0
0
0
0
0
1
1
1
0
0
-1
-1
-1
-1
-1
0
1
1
1
1
1
0
-1
-1
-1
-1
0
1
1
2
2
1
0
-1
-1
-2
-2
-1
0
1
2
2
2
1
0
-1
-2
-2
-1
0
1
1
2
2
1
0
-1
-2
-2
-2
-1
0
1
2
2
1
0
-1
-2
-2
-1
-1
0
1
2
2
1
0
0
-1
-1
-1
-1
0
1
1
1
1
0
-1
-1
-2
-1
-1
0
1
1
1
1
0
0
-1
-1
-1
0
0
1
1
1
0
0
-1
-1
-1
-1
0
1
1
1
1
0
0
-1
-1
-1
0
0
1
1
1
0
0
-1
-1
-1
0
0
1
1
1
1
0
-1
-1
-1
-1
0
1
1
1
1
0
0
-1
-2
-2
-1
0
1
2
2
1
0
-1
-2
-2
-2
-1
0
2
2
2
1
0
-1
-2
-2
-2
-1
1
2
2
2
1
0
-1
-2
-3
-2
-1
1
2
3
2
1
0
-2
-3
-3
-2
-1
1
2
3
3
1
0
-2
-3
-3
-2
0
1
3
3
2
1
-1
-2
-3
-3
-2
0
2
3
3
2
1
-1
-2
-3
-3
-2
0
2
3
3
2
0
-1
-3
-3
-2
-1
1
2
3
3
2
0
-1
-3
-3
-2
-1
1
2
3
3
1
0
-2
-3
-3
-2
0
1
2
3
2
1
-1
-2
-3
-3
-2
0
1
2
3
2
1
-1
-2
-3
-2
-1
0
1
2
2
2
0
-1
-2
-2
-2
-1
1
2
2
2
1
0
-1
-2
-2
-2
-1
1
2
2
2
1
0
-1
-2
-2
-1
0
1
2
2
2
1
0
-1
-2
-1
-1
0
1
2
2
1
0
-1
-1
-2
-1
-1
0
1
1
1
1
0
-1
-2
-2
-1
0
1
1
2
1
1
0
-1
-2
-2
-1
0
1
1
1
1
0
-1
-1
-2
-1
-1
0
1
1
1
1
0
-1
-2
-2
-1
0
1
1
2
1
1
0
-1
-1
-1
-1
0
1
1
1
1
0
-1
-1
-1
-1
0
0
1
1
1
0
0
-1
-1
-1
0
0
1
1
1
0
0
-1
-1
-1
-1
0
1
1
1
1
0
-1
-1
-1
-1
0
0
1
1
0
0
-1
-1
-1
-1
0
1
1
1
1
0
0
-1
-1
0
0
1
1
1
1
0
0
-1
-1
-1
0
0
1
1
0
0
0
-1
-1
-1
0
0
0
0
0
0
-1
-1
-1
0
0
1
1
1
0
0
-1
-1
-1
0
0
1
1
1
0
0
-1
-1
-1
0
0
1
1
1
0
0
-1
-1
-1
0
0
1
1
1
0
0
-1
-1
-1
0
1
1
1
1
0
0
-1
-1
-1
0
1
1
1
1
0
0
-1
-1
-1
0
1
1
2
1
0
0
-1
-1
-1
0
1
1
1
1
0
-1
-1
-1
-1
0
1
1
2
1
0
-1
-1
-1
-1
0
1
1
1
1
0
-1
-2
-2
-1
0
1
1
1
1
0
-1
-1
-2
-1
0
1
2
2
1
0
-1
-1
-2
-1
0
1
1
2
1
0
-1
-1
-1
-1
0
1
2
2
1
0
-1
-2
-2
-1
0
1
2
2
1
0
-1
-1
-1
-1
0
1
2
1
1
0
-1
-2
-2
-1
0
1
2
2
1
0
-1
-2
-2
-1
0
1
2
1
1
0
-1
-2
-1
0
1
1
2
1
0
-1
-1
-2
-1
0
1
2
2
1
0
-1
-2
-2
-1
0
1
1
1
1
0
-1
-2
-2
-1
0
1
2
1
1
0
-1
-2
-1
0
1
2
2
1
0
-1
-1
-2
-1
0
1
2
2
1
0
-1
-2
-1
-1
0
1
2
2
1
0
-1
-1
-1
0
1
2
2
1
0
-1
-2
-2
-1
0
1
2
2
1
0
-1
-2
-1
-1
0
1
2
1
0
-1
-2
-2
-1
0
1
2
2
1
0
-1
-2
-1
-1
1
1
2
1
0
-1
-1
-2
-1
0
1
2
1
1
0
-1
-2
-1
0
1
1
2
1
0
-1
-1
-1
-1
0
1
2
1
0
-1
-1
-2
-1
0
1
2
2
1
0
-1
-1
-1
0
1
1
2
1
0
-1
-1
-1
-1
0
1
1
1
0
-1
-2
-2
-1
0
1
1
1
1
0
-1
-1
-1
-1
0
1
1
1
0
-1
-2
-1
-1
0
1
1
1
0
-1
-1
-1
-1
0
1
1
1
1
0
-1
-1
-1
0
1
1
1
1
0
-1
-1
-1
0
1
1
1
1
0
-1
-1
-1
-1
0
1
1
1
0
0
-1
-1
-1
0
1
1
1
0
0
-1
-1
-1
0
0
1
1
0
0
-1
-1
-1
0
0
1
1
0
0
0
0
0
0
1
1
