1651 2 a10 1 1 0
0
0
0
0
0
0
1
1
1
1
0
0
-1
-2
-2
-2
-2
-1
1
2
4
5
5
4
1
-1
-5
-7
-8
-8
-6
-2
3
9
13
14
13
9
2
-7
-15
-21
-23
-20
-12
-1
12
24
32
34
29
16
-1
-21
-38
-49
-50
-40
-20
6
34
57
71
70
54
24
-14
-53
-84
-100
-96
-70
-26
28
81
121
140
129
89
26
-49
-120
-173
-192
-172
-112
-22
82
179
246
266
230
140
10
-136
-268
-356
-375
-315
-178
15
229
420
544
565
462
240
-72
-424
-745
-961
-1004
-824
-398
259
1096
2034
2969
3794
4409
4737
4737
4409
3794
2969
2034
1096
259
-398
-824
-1004
-961
-745
-424
-72
240
462
565
544
420
229
15
-178
-315
-375
-356
-268
-136
10
140
230
266
246
179
82
-22
-112
-172
-192
-173
-120
-49
26
89
129
140
121
81
28
-26
-70
-96
-100
-84
-53
-14
24
54
70
71
57
34
6
-20
-40
-50
-49
-38
-21
-1
16
29
34
32
24
12
-1
-12
-20
-23
-21
-15
-7
2
9
13
14
13
9
3
-2
-6
-8
-8
-7
-5
-1
1
4
5
5
4
2
1
-1
-2
-2
-2
-2
-1
0
0
1
1
1
1
0
0
0
0
0
0
