1651 9 5000 1 400 2
0
-273
161
1746
4475
7836
10918
12647
12094
8776
2860
-4785
-12719
-19224
-22696
-22038
-16966
-8141
2912
14086
23127
28118
27910
22391
12539
232
-12134
-22150
-27895
-28335
-23522
-14561
-3347
7857
16908
22224
23083
19720
13201
5135
-2731
-8904
-12452
-13150
-11446
-8262
-4695
-1706
132
750
546
212
470
1806
4273
7421
10392
12137
11722
8628
2969
-4449
-12241
-18723
-22296
-21834
-17005
-8409
2485
13609
22721
27885
27906
22616
12934
696
-11721
-21892
-27860
-28533
-23905
-15032
-3788
7559
16831
22391
23457
20210
13688
5498
-2585
-9014
-12795
-13646
-11976
-8698
-4932
-1684
409
1216
1092
707
796
1886
4088
7019
9870
11620
11335
8462
3061
-4126
-11769
-18219
-21882
-21612
-17025
-8662
2066
13131
22304
27634
27882
22824
13318
1158
-11299
-21619
-27806
-28713
-24275
-15500
-4235
7246
16735
22539
23816
20694
14179
5873
-2420
-9104
-13121
-14132
-12507
-9145
-5186
-1682
668
1672
1636
1209
1137
1984
3922
6629
9351
11098
10934
8277
3133
-3818
-11303
-17711
-21457
-21371
-17025
-8898
1656
12652
21877
27366
27839
23014
13692
1619
-10869
-21330
-27732
-28875
-24632
-15964
-4688
6920
16620
22668
24161
21171
14672
6259
-2238
-9174
-13431
-14610
-13038
-9602
-5456
-1700
910
2117
2177
1719
1493
2102
3774
6252
8837
10571
10519
8073
3186
-3525
-10844
-17201
-21020
-21113
-17006
-9119
1255
12173
21441
27081
27776
23186
14053
2077
-10432
-21026
-27640
-29018
-24976
-16422
-5145
6581
16486
22778
24490
21641
15167
6657
-2038
-9225
-13725
-15078
-13569
-10067
-5742
-1736
1134
2549
2716
2235
1863
2238
3645
5889
8328
10039
10092
7851
3220
-3247
-10393
-16689
-20572
-20838
-16967
-9322
864
11695
20996
26781
27694
23340
14403
2531
-9989
-20708
-27528
-29142
-25306
-16874
-5606
6230
16335
22868
24803
22102
15663
7065
-1822
-9257
-14001
-15535
-14098
-10540
-6045
-1792
1340
2970
3251
2757
2248
2394
3534
5540
7826
9504
9652
7611
3234
-2984
-9950
-16175
-20114
-20545
-16909
-9508
483
11218
20543
26465
27592
23476
14740
2982
-9540
-20376
-27397
-29247
-25621
-17320
-6069
5866
16166
22939
25100
22555
16160
7482
-1588
-9269
-14260
-15982
-14625
-11021
-6362
-1867
1527
3377
3782
3284
2646
2567
3442
5206
7330
8966
9201
7354
3230
-2739
-9517
-15662
-19646
-20236
-16832
-9677
114
10743
20083
26133
27472
23594
15063
3427
-9087
-20030
-27248
-29333
-25920
-17759
-6535
5491
15979
22990
25381
22997
16657
7909
-1339
-9262
-14501
-16416
-15150
-11509
-6694
-1961
1697
3771
4307
3816
3057
2759
3370
4887
6842
8426
8739
7079
3206
-2509
-9093
-15149
-19170
-19911
-16735
-9828
-243
10272
19616
25787
27332
23692
15373
3868
-8629
-19672
-27081
-29399
-26205
-18189
-7003
5106
15775
23022
25644
23430
17152
8345
-1073
-9235
-14725
-16838
-15671
-12003
-7040
-2074
1847
4150
4827
4352
3480
2969
3317
4584
6362
7885
8266
6787
3162
-2297
-8679
-14637
-18685
-19570
-16618
-9961
-588
9804
19143
25427
27173
23772
15668
4301
-8168
-19301
-26895
-29446
-26473
-18611
-7471
4710
15554
23034
25890
23851
17646
8788
-792
-9190
-14930
-17248
-16187
-12502
-7400
-2205
1979
4516
5339
4890
3915
3197
3283
4296
5891
7343
7784
6478
3099
-2102
-8277
-14127
-18192
-19214
-16483
-10075
-919
9341
18665
25054
26995
23833
15949
4728
-7704
-18919
-26692
-29474
-26725
-19023
-7940
4305
15316
23027
26119
24261
18137
9238
-497
-9125
-15116
-17644
-16699
-13006
-7773
-2355
2091
4866
5845
5431
4362
3442
3268
4026
5429
6802
7292
6153
3017
-1925
-7886
-13620
-17693
-18843
-16328
-10170
-1237
8882
18183
24667
26799
23874
16214
5148
-7238
-18526
-26471
-29482
-26959
-19426
-8408
3891
15062
23001
26329
24659
18625
9695
-186
-9041
-15284
-18026
-17205
-13513
-8158
-2523
2184
5200
6342
5973
4819
3705
3273
3772
4977
6261
6792
5813
2916
-1765
-7508
-13116
-17187
-18458
-16155
-10247
-1541
8430
17696
24268
26585
23896
16463
5559
-6771
-18122
-26233
-29470
-27177
-19817
-8874
3469
14793
22955
26522
25045
19109
10157
138
-8939
-15432
-18393
-17705
-14024
-8556
-2708
2258
5519
6831
6516
5286
3984
3297
3535
4537
5723
6284
5457
2795
-1624
-7142
-12616
-16676
-18059
-15963
-10305
-1830
7985
17207
23856
26353
23898
16696
5960
-6304
-17708
-25978
-29439
-27377
-20198
-9338
3039
14508
22890
26695
25417
19588
10624
475
-8818
-15562
-18746
-18197
-14538
-8965
-2912
2313
5821
7311
7058
5762
4279
3340
3315
4107
5186
5769
5086
2655
-1502
-6789
-12122
-16160
-17646
-15752
-10344
-2105
7546
16715
23434
26104
23881
16912
6353
-5837
-17286
-25707
-29388
-27559
-20566
-9800
2603
14209
22805
26850
25775
20061
11095
826
-8678
-15672
-19083
-18681
-15053
-9385
-3132
2348
6106
7780
7600
6247
4591
3403
3114
3690
4653
5248
4700
2497
-1398
-6451
-11632
-15640
-17221
-15523
-10363
-2363
7116
16222
23001
25837
23844
17111
6735
-5371
-16854
-25420
-29318
-27723
-20923
-10257
2161
13896
22702
26986
26119
20529
11570
1188
-8521
-15763
-19404
-19158
-15569
-9814
-3370
2363
6375
8239
8141
6740
4917
3484
2931
3285
4124
4721
4301
2320
-1313
-6126
-11150
-15117
-16784
-15276
-10363
-2606
6694
15728
22558
25553
23788
17293
7106
-4907
-16416
-25118
-29228
-27869
-21266
-10710
1713
13569
22580
27103
26448
20990
12048
1563
-8346
-15835
-19709
-19624
-16085
-10254
-3624
2360
6626
8686
8679
7240
5259
3585
2766
2894
3600
4189
3888
2124
-1247
-5817
-10674
-14591
-16336
-15012
-10344
-2832
6282
15234
22105
25253
23712
17457
7465
-4445
-15970
-24801
-29120
-27996
-21595
-11159
1261
13228
22440
27201
26761
21443
12528
1948
-8153
-15887
-19998
-20081
-16601
-10702
-3893
2337
6859
9122
9214
7747
5615
3705
2620
2516
3080
3653
3463
1910
-1200
-5523
-10206
-14063
-15876
-14730
-10305
-3041
5880
14741
21643
24937
23617
17603
7812
-3987
-15517
-24469
-28992
-28104
-21911
-11601
805
12875
22281
27279
27059
21887
13008
2344
-7944
-15920
-20269
-20528
-17115
-11159
-4179
2295
7074
9545
9746
8259
5986
3843
2492
2153
2567
3113
3025
1678
-1172
-5245
-9746
-13535
-15407
-14431
-10247
-3234
5488
14249
21174
24605
23503
17731
8147
-3532
-15059
-24123
-28845
-28192
-22212
-12036
346
12510
22105
27338
27341
22323
13490
2750
-7717
-15933
-20523
-20963
-17627
-11623
-4480
2233
7270
9956
10273
8777
6370
4000
2383
1804
2061
2570
2576
1428
-1164
-4983
-9296
-13006
-14927
-14116
-10169
-3408
5108
13760
20697
24258
23369
17841
8468
-3083
-14596
-23764
-28680
-28262
-22497
-12465
-115
12134
21910
27377
27606
22749
13971
3165
-7475
-15927
-20759
-21387
-18137
-12094
-4795
2153
7448
10352
10795
9299
6767
4176
2294
1470
1563
2026
2115
1162
-1175
-4737
-8855
-12477
-14439
-13785
-10072
-3565
4739
13273
20214
23896
23217
17931
8775
-2639
-14129
-23392
-28497
-28312
-22768
-12885
-579
11747
21699
27396
27854
23165
14451
3588
-7216
-15901
-20976
-21798
-18643
-12571
-5125
2054
7608
10735
11310
9825
7176
4369
2224
1152
1072
1480
1645
878
-1205
-4509
-8425
-11950
-13942
-13438
-9956
-3704
4383
12790
19724
23520
23045
18003
9068
-2201
-13658
-23008
-28295
-28343
-23022
-13297
-1042
11350
21470
27397
28085
23570
14930
4019
-6942
-15856
-21176
-22197
-19145
-13053
-5469
1936
7748
11103
11820
10354
7597
4580
2173
850
591
934
1164
577
-1255
-4298
-8005
-11425
-13438
-13075
-9821
-3825
4040
12312
19230
23131
22855
18055
9347
-1770
-13185
-22612
-28076
-28355
-23259
-13699
-1506
10943
21225
27377
28298
23964
15405
4458
-6653
-15792
-21357
-22582
-19642
-13540
-5825
1800
7869
11456
12322
10885
8029
4808
2141
564
119
388
674
260
-1324
-4104
-7597
-10902
-12927
-12698
-9666
-3927
3711
11838
18730
22728
22646
18089
9609
-1347
-12710
-22204
-27839
-28346
-23480
-14092
-1970
10527
20964
27338
28493
24345
15878
4902
-6350
-15709
-21519
-22953
-20133
-14031
-6195
1645
7971
11793
12815
11418
8472
5054
2129
296
-343
-157
176
-72
-1412
-3929
-7202
-10383
-12410
-12307
-9493
-4010
3395
11371
18227
22313
22419
18103
9857
-932
-12233
-21787
-27585
-28319
-23684
-14474
-2432
10104
20688
27280
28670
24714
16347
5353
-6032
-15607
-21662
-23310
-20617
-14525
-6576
1473
8054
12114
13300
11951
8925
5316
2136
44
-794
-700
-330
-420
-1520
-3771
-6819
-9868
-11887
-11902
-9301
-4074
3094
10910
17721
21886
22175
18097
10088
-526
-11756
-21359
-27314
-28271
-23870
-14845
-2892
9672
20395
27202
28828
25070
16811
5808
-5701
-15487
-21786
-23651
-21095
-15022
-6969
1283
8117
12419
13776
12484
9387
5595
2162
-190
-1234
-1241
-842
-783
-1646
-3632
-6449
-9358
-11360
-11483
-9090
-4119
2808
10457
17213
21448
21912
18072
10302
-129
-11279
-20923
-27027
-28205
-24038
-15203
-3349
9234
20089
27106
28967
25411
17269
6268
-5358
-15348
-21891
-23977
-21564
-15520
-7372
1076
8161
12707
14242
13016
9857
5889
2208
-406
-1661
-1778
-1362
-1160
-1791
-3512
-6094
-8854
-10828
-11052
-8862
-4145
2538
10011
16703
20999
21633
18028
10499
257
-10804
-20478
-26724
-28118
-24189
-15550
-3802
8790
19767
26990
29088
25739
17722
6731
-5002
-15191
-21977
-24288
-22025
-16020
-7786
852
8185
12978
14697
13547
10336
6199
2273
-604
-2076
-2312
-1887
-1551
-1955
-3411
-5752
-8355
-10294
-10609
-8615
-4152
2284
9574
16193
20540
21337
17964
10679
632
-10330
-20025
-26406
-28013
-24320
-15883
-4251
8341
19433
26856
29189
26051
18167
7197
-4634
-15017
-22043
-24582
-22477
-16519
-8209
612
8190
13231
15140
14076
10822
6524
2357
-783
-2478
-2841
-2417
-1955
-2138
-3328
-5426
-7864
-9756
-10154
-8351
-4139
2046
9147
15682
20072
21024
17880
10842
996
-9858
-19565
-26072
-27888
-24433
-16203
-4695
7887
19085
26703
29271
26349
18605
7665
-4255
-14825
-22089
-24859
-22920
-17018
-8642
355
8175
13467
15572
14601
11315
6864
2460
-944
-2866
-3364
-2951
-2373
-2339
-3265
-5115
-7381
-9217
-9689
-8069
-4107
1824
8729
15172
19595
20695
17778
10986
1347
-9390
-19099
-25724
-27744
-24528
-16509
-5133
7429
18724
26532
29334
26630
19035
8135
-3865
-14615
-22116
-25119
-23351
-17516
-9082
83
8142
13684
15992
15123
11813
7218
2581
-1086
-3239
-3881
-3488
-2802
-2557
-3221
-4820
-6906
-8677
-9213
-7771
-4055
1620
8322
14663
19109
20351
17656
11112
1686
-8926
-18627
-25362
-27582
-24603
-16801
-5565
6968
18351
26343
29377
26895
19456
8605
-3466
-14389
-22123
-25362
-23772
-18012
-9530
-205
8089
13883
16398
15640
12316
7585
2721
-1209
-3599
-4392
-4028
-3243
-2793
-3196
-4541
-6440
-8137
-8728
-7456
-3984
1434
7926
14157
18617
19991
17514
11220
2012
-8466
-18150
-24987
-27401
-24659
-17077
-5989
6504
17967
26136
29401
27144
19867
9075
-3057
-14147
-22111
-25586
-24180
-18504
-9985
-507
8017
14064
16791
16152
12824
7965
2880
-1313
-3942
-4895
-4571
-3695
-3047
-3191
-4278
-5984
-7597
-8234
-7125
-3894
1265
7542
13654
18118
19617
17354
11309
2324
-8012
-17668
-24599
-27201
-24695
-17338
-6406
6039
17572
25912
29405
27376
20268
9543
-2640
-13889
-22080
-25793
-24577
-18994
-10446
-824
7926
14226
17169
16658
13336
8357
3056
-1398
-4271
-5389
-5114
-4157
-3318
-3205
-4032
-5538
-7058
-7731
-6779
-3784
1114
7170
13154
17612
19228
17175
11379
2622
-7564
-17184
-24198
-26983
-24713
-17582
-6814
5573
17167
25671
29389
27590
20659
10010
-2215
-13615
-22029
-25981
-24960
-19479
-10912
-1154
7817
14368
17533
17157
13850
8762
3251
-1464
-4583
-5875
-5658
-4629
-3605
-3238
-3804
-5104
-6522
-7221
-6417
-3655
981
6812
12659
17102
18826
16977
11430
2905
-7123
-16696
-23786
-26748
-24710
-17811
-7212
5107
16752
25413
29354
27787
21037
10475
-1783
-13326
-21959
-26151
-25331
-19959
-11383
-1498
7689
14492
17882
17649
14367
9177
3462
-1510
-4878
-6351
-6202
-5111
-3908
-3291
-3594
-4680
-5988
-6704
-6040
-3508
867
6467
12168
16587
18411
16761
11462
3172
-6690
-16207
-23363
-26495
-24689
-18022
-7601
4641
16328
25139
29300
27966
21404
10937
-1344
-13023
-21870
-26302
-25687
-20434
-11858
-1854
7543
14596
18215
18133
14885
9603
3691
-1536
-5157
-6817
-6744
-5600
-4227
-3363
-3401
-4270
-5457
-6181
-5649
-3341
772
6136
11684
16068
17984
16527
11475
3424
-6264
-15716
-22929
-26225
-24647
-18217
-7980
4176
15896
24850
29226
28126
21758
11394
-900
-12705
-21762
-26434
-26028
-20902
-12336
-2223
7379
14681
18532
18608
15404
10039
3937
-1544
-5418
-7272
-7285
-6098
-4562
-3454
-3226
-3871
-4931
-5653
-5245
-3156
696
5819
11206
15546
17545
16275
11468
3660
-5848
-15224
-22485
-25938
-24586
-18394
-8347
3714
15457
24545
29133
28268
22099
11847
-450
-12374
-21636
-26547
-26355
-21362
-12817
-2602
7197
14746
18833
19074
15923
10485
4198
-1532
-5662
-7716
-7824
-6602
-4911
-3564
-3070
-3487
-4410
-5120
-4827
-2952
639
5518
10736
15022
17094
16005
11442
3879
-5441
-14733
-22032
-25635
-24506
-18553
-8702
3255
15011
24225
29021
28391
22426
12294
4
-12030
-21491
-26640
-26666
-21816
-13300
-2993
6998
14792
19117
19530
16441
10939
4476
-1500
-5888
-8148
-8359
-7113
-5275
-3693
-2933
-3116
-3894
-4583
-4397
-2731
601
5232
10274
14497
16632
15718
11396
4081
-5045
-14243
-21571
-25316
-24406
-18694
-9045
2799
14558
23891
28889
28496
22739
12736
461
-11674
-21328
-26714
-26961
-22260
-13783
-3394
6782
14819
19384
19975
16957
11401
4770
-1450
-6096
-8566
-8890
-7629
-5652
-3840
-2815
-2759
-3384
-4042
-3954
-2491
582
4962
9820
13970
16161
15415
11331
4267
-4659
-13755
-21102
-24982
-24287
-18817
-9375
2347
14100
23543
28739
28581
23036
13170
921
-11306
-21147
-26769
-27240
-22695
-14267
-3804
6549
14826
19633
20409
17472
11870
5078
-1380
-6285
-8972
-9416
-8150
-6043
-4006
-2715
-2417
-2882
-3499
-3500
-2234
582
4708
9375
13444
15680
15095
11246
4434
-4285
-13269
-20625
-24632
-24149
-18921
-9692
1900
13638
23182
28571
28647
23319
13598
1384
-10927
-20948
-26804
-27502
-23121
-14750
-4224
6301
14813
19864
20831
17983
12346
5401
-1292
-6456
-9364
-9937
-8676
-6447
-4190
-2635
-2091
-2387
-2955
-3036
-1960
602
4471
8941
12918
15191
14759
11142
4583
-3923
-12786
-20143
-24268
-23992
-19006
-9994
1459
13171
22809
28384
28693
23586
14016
1847
-10537
-20733
-26819
-27748
-23536
-15232
-4652
6036
14781
20077
21240
18490
12827
5738
-1184
-6608
-9742
-10452
-9205
-6863
-4393
-2574
-1780
-1901
-2409
-2561
-1668
642
4251
8516
12394
14693
14407
11019
4715
-3573
-12307
-19654
-23890
-23816
-19072
-10282
1025
12702
22423
28179
28720
23837
14426
2312
-10137
-20501
-26815
-27975
-23940
-15712
-5087
5757
14731
20272
21636
18993
13314
6088
-1058
-6741
-10105
-10960
-9736
-7290
-4612
-2532
-1486
-1424
-1863
-2076
-1361
700
4049
8104
11871
14188
14040
10877
4828
-3237
-11833
-19161
-23499
-23621
-19119
-10555
598
12230
22026
27957
28727
24071
14827
2776
-9728
-20252
-26792
-28185
-24332
-16189
-5529
5462
14661
20448
22019
19491
13805
6452
-914
-6855
-10453
-11460
-10270
-7729
-4849
-2509
-1208
-957
-1318
-1583
-1037
778
3864
7703
11352
13676
13659
10715
4922
-2914
-11364
-18663
-23095
-23408
-19147
-10813
178
11756
21618
27717
28715
24288
15217
3239
-9310
-19987
-26749
-28377
-24712
-16663
-5977
5153
14572
20605
22387
19982
14300
6828
-752
-6949
-10785
-11952
-10805
-8177
-5103
-2506
-947
-500
-773
-1081
-697
876
3697
7314
10837
13159
13263
10535
4997
-2606
-10902
-18162
-22678
-23177
-19155
-11054
-233
11281
21199
27460
28684
24488
15597
3701
-8885
-19707
-26686
-28550
-25079
-17133
-6431
4830
14464
20744
22741
20467
14798
7215
-572
-7024
-11101
-12435
-11340
-8636
-5374
-2523
-704
-54
-231
-572
-343
992
3549
6938
10326
12636
12854
10336
5054
-2312
-10446
-17657
-22250
-22929
-19144
-11280
-635
10806
20771
27187
28632
24671
15965
4160
-8452
-19411
-26605
-28705
-25433
-17597
-6890
4495
14338
20863
23080
20945
15298
7614
-374
-7080
-11400
-12909
-11875
-9104
-5661
-2558
-478
380
308
-56
27
1127
3419
6576
9820
12109
12432
10119
5091
-2034
-9998
-17151
-21810
-22662
-19114
-11488
-1027
10332
20334
26897
28562
24835
16321
4616
-8013
-19101
-26504
-28841
-25773
-18056
-7352
4146
14193
20962
23403
21414
15800
8024
-159
-7116
-11682
-13372
-12409
-9580
-5964
-2613
-270
802
844
466
410
1281
3308
6228
9320
11578
11997
9884
5109
-1771
-9558
-16644
-21360
-22379
-19064
-11680
-1408
9858
19889
26591
28471
24981
16664
5068
-7567
-18777
-26385
-28957
-26098
-18509
-7818
3785
14031
21043
23710
21875
16302
8443
72
-7133
-11947
-13825
-12941
-10063
-6282
-2687
-81
1212
1376
993
808
1454
3215
5894
8826
11044
11551
9631
5107
-1524
-9127
-16136
-20901
-22079
-18994
-11854
-1778
9387
19436
26271
28362
25109
16994
5516
-7117
-18440
-26246
-29055
-26408
-18954
-8287
3413
13851
21103
24000
22327
16804
8872
320
-7131
-12195
-14265
-13471
-10554
-6614
-2780
91
1608
1903
1525
1218
1645
3142
5576
8340
10507
11093
9361
5086
-1294
-8705
-15628
-20432
-21763
-18905
-12010
-2137
8919
18977
25935
28234
25217
17311
5958
-6663
-18089
-26090
-29133
-26703
-19392
-8757
3030
13653
21145
24274
22768
17306
9310
584
-7109
-12425
-14694
-13997
-11051
-6962
-2892
243
1990
2424
2062
1641
1854
3088
5273
7862
9969
10625
9073
5046
-1081
-8294
-15121
-19954
-21430
-18797
-12148
-2483
8454
18511
25585
28086
25307
17613
6395
-6204
-17726
-25915
-29192
-26982
-19821
-9228
2636
13439
21166
24531
23199
17806
9755
863
-7068
-12636
-15110
-14519
-11554
-7323
-3022
377
2357
2939
2601
2076
2081
3054
4986
7392
9431
10146
8769
4987
-885
-7893
-14616
-19469
-21083
-18669
-12268
-2817
7993
18040
25222
27920
25378
17901
6824
-5743
-17351
-25722
-29232
-27244
-20241
-9699
2233
13208
21169
24770
23618
18303
10208
1158
-7007
-12829
-15513
-15037
-12062
-7697
-3171
491
2710
3447
3143
2523
2326
3038
4715
6932
8892
9659
8448
4908
-706
-7504
-14114
-18976
-20720
-18522
-12369
-3137
7537
17564
24845
27735
25430
18173
7246
-5280
-16965
-25512
-29252
-27490
-20651
-10170
1821
12960
21152
24991
24025
18798
10668
1467
-6928
-13003
-15902
-15549
-12574
-8084
-3338
587
3047
3947
3686
2980
2587
3042
4461
6481
8354
9162
8111
4809
-546
-7127
-13614
-18477
-20343
-18357
-12452
-3443
7087
17084
24455
27532
25462
18430
7660
-4815
-16568
-25285
-29252
-27719
-21051
-10640
1401
12697
21115
25193
24420
19289
11133
1790
-6830
-13159
-16277
-16055
-13089
-8483
-3523
663
3369
4438
4231
3448
2866
3065
4224
6041
7818
8658
7759
4692
-403
-6762
-13119
-17973
-19951
-18172
-12516
-3734
6643
16601
24053
27311
25475
18670
8065
-4350
-16161
-25041
-29233
-27930
-21439
-11108
972
12419
21059
25378
24802
19775
11604
2127
-6714
-13295
-16637
-16554
-13607
-8894
-3726
720
3674
4921
4776
3925
3161
3108
4004
5613
7283
8146
7392
4555
-279
-6411
-12628
-17463
-19547
-17969
-12560
-4011
6207
16115
23640
27072
25468
18894
8461
-3884
-15745
-24780
-29194
-28124
-21816
-11573
537
12126
20984
25544
25170
20256
12079
2476
-6579
-13412
-16982
-17045
-14127
-9316
-3946
757
3963
5393
5320
4411
3472
3170
3802
5196
6752
7627
7010
4400
-174
-6073
-12143
-16949
-19129
-17748
-12585
-4272
5778
15628
23216
26816
25441
19101
8846
-3420
-15321
-24503
-29136
-28299
-22181
-12035
96
11818
20890
25690
25524
20731
12557
2838
-6426
-13510
-17311
-17528
-14648
-9749
-4183
775
4235
5855
5863
4905
3799
3251
3618
4792
6224
7103
6614
4225
-87
-5750
-11663
-16432
-18700
-17508
-12591
-4517
5358
15139
22781
26543
25396
19291
9221
-2957
-14888
-24211
-29058
-28456
-22533
-12493
-351
11496
20778
25818
25864
21200
13039
3213
-6255
-13589
-17624
-18002
-15169
-10191
-4437
774
4489
6306
6404
5406
4141
3351
3453
4400
5701
6573
6204
4032
-19
-5441
-11191
-15912
-18258
-17251
-12577
-4746
4947
14650
22337
26253
25330
19463
9584
-2496
-14448
-23903
-28961
-28594
-22872
-12945
-802
11162
20647
25927
26188
21661
13523
3598
-6066
-13648
-17920
-18467
-15691
-10642
-4707
754
4726
6746
6942
5915
4498
3471
3306
4022
5183
6039
5781
3821
29
-5147
-10726
-15390
-17806
-16976
-12544
-4959
4545
14162
21884
25947
25245
19618
9936
-2039
-14001
-23581
-28845
-28714
-23196
-13392
-1258
10814
20497
26016
26496
22114
14008
3994
-5861
-13687
-18200
-18921
-16211
-11101
-4993
714
4944
7173
7477
6429
4869
3609
3177
3658
4671
5501
5346
3592
58
-4869
-10269
-14866
-17342
-16685
-12492
-5154
4155
13675
21423
25626
25141
19754
10275
-1585
-13549
-23245
-28710
-28814
-23506
-13833
-1717
10454
20330
26086
26789
22558
14494
4400
-5638
-13707
-18462
-19365
-16729
-11569
-5294
655
5145
7588
8007
6949
5253
3765
3068
3309
4165
4961
4899
3345
68
-4607
-9821
-14342
-16870
-16376
-12420
-5332
3775
13190
20954
25289
25018
19871
10600
-1136
-13091
-22895
-28557
-28896
-23801
-14267
-2178
10083
20144
26136
27065
22993
14980
4815
-5399
-13708
-18706
-19796
-17245
-12043
-5610
577
5327
7989
8533
7474
5651
3940
2978
2975
3667
4417
4441
3080
59
-4362
-9382
-13818
-16387
-16052
-12329
-5492
3406
12708
20478
24937
24875
19970
10913
-692
-12629
-22532
-28385
-28958
-24081
-14692
-2642
9701
19942
26167
27324
23418
15466
5239
-5144
-13689
-18933
-20216
-17758
-12524
-5940
480
5490
8376
9053
8003
6061
4133
2907
2656
3176
3873
3972
2799
30
-4133
-8954
-13295
-15897
-15711
-12218
-5634
3051
12229
19996
24571
24714
20050
11210
-254
-12163
-22157
-28195
-29000
-24345
-15110
-3106
9308
19722
26178
27566
23832
15950
5671
-4874
-13651
-19141
-20623
-18266
-13010
-6284
364
5634
8748
9566
8534
6484
4344
2855
2353
2694
3327
3494
2500
-18
-3922
-8536
-12774
-15398
-15355
-12088
-5758
2707
11754
19509
24191
24533
20111
11494
177
-11694
-21770
-27987
-29023
-24592
-15518
-3571
8906
19486
26169
27791
24235
16431
6111
-4588
-13594
-19331
-21017
-18770
-13501
-6642
230
5760
9106
10072
9068
6917
4572
2822
2066
2222
2782
3006
2185
-86
-3728
-8130
-12255
-14893
-14984
-11939
-5864
2378
11285
19017
23798
24335
20153
11762
601
-11224
-21371
-27761
-29027
-24823
-15917
-4035
8494
19233
26142
27997
24626
16910
6557
-4288
-13518
-19502
-21397
-19268
-13997
-7012
78
5866
9448
10571
9604
7362
4818
2809
1796
1760
2237
2509
1855
-172
-3552
-7736
-11740
-14381
-14599
-11771
-5950
2062
10820
18520
23392
24117
20175
12014
1017
-10751
-20962
-27518
-29011
-25037
-16305
-4499
8074
18964
26094
28185
25005
17385
7009
-3974
-13423
-19654
-21763
-19760
-14495
-7394
-93
5953
9775
11061
10141
7817
5081
2815
1544
1308
1694
2004
1508
-278
-3395
-7355
-11228
-13863
-14199
-11585
-6018
1761
10363
18021
22974
23882
20178
12250
1424
-10278
-20543
-27259
-28975
-25233
-16682
-4960
7647
18681
26028
28355
25370
17855
7466
-3646
-13309
-19787
-22114
-20246
-14997
-7789
-281
6020
10085
11542
10678
8281
5359
2840
1308
867
1153
1492
1147
-403
-3255
-6986
-10721
-13341
-13787
-11379
-6067
1474
9912
17519
22544
23630
20162
12470
1821
-9805
-20114
-26983
-28920
-25411
-17048
-5419
7212
18382
25942
28506
25722
18320
7928
-3305
-13177
-19901
-22449
-20723
-15500
-8194
-486
6068
10379
12013
11215
8754
5654
2885
1091
438
615
973
771
-547
-3134
-6631
-10219
-12814
-13361
-11156
-6096
1203
9469
17015
22104
23360
20126
12673
2209
-9333
-19677
-26690
-28846
-25572
-17401
-5874
6772
18069
25838
28638
26060
18779
8393
-2951
-13027
-19995
-22769
-21193
-16005
-8609
-709
6097
10655
12474
11750
9235
5965
2949
891
22
81
449
381
-710
-3032
-6291
-9724
-12283
-12923
-10915
-6106
948
9035
16510
21653
23073
20070
12859
2586
-8862
-19232
-26383
-28752
-25714
-17741
-6325
6325
17741
25714
28752
26383
19232
8862
-2586
-12859
-20070
-23073
-21653
-16510
-9035
-948
6106
10915
12923
12283
9724
6291
3032
710
-381
-449
-81
-22
-891
-2949
-5965
-9235
-11750
-12474
-10655
-6097
709
8609
16005
21193
22769
19995
13027
2951
-8393
-18779
-26060
-28638
-25838
-18069
-6772
5874
17401
25572
28846
26690
19677
9333
-2209
-12673
-20126
-23360
-22104
-17015
-9469
-1203
6096
11156
13361
12814
10219
6631
3134
547
-771
-973
-615
-438
-1091
-2885
-5654
-8754
-11215
-12013
-10379
-6068
486
8194
15500
20723
22449
19901
13177
3305
-7928
-18320
-25722
-28506
-25942
-18382
-7212
5419
17048
25411
28920
26983
20114
9805
-1821
-12470
-20162
-23630
-22544
-17519
-9912
-1474
6067
11379
13787
13341
10721
6986
3255
403
-1147
-1492
-1153
-867
-1308
-2840
-5359
-8281
-10678
-11542
-10085
-6020
281
7789
14997
20246
22114
19787
13309
3646
-7466
-17855
-25370
-28355
-26028
-18681
-7647
4960
16682
25233
28975
27259
20543
10278
-1424
-12250
-20178
-23882
-22974
-18021
-10363
-1761
6018
11585
14199
13863
11228
7355
3395
278
-1508
-2004
-1694
-1308
-1544
-2815
-5081
-7817
-10141
-11061
-9775
-5953
93
7394
14495
19760
21763
19654
13423
3974
-7009
-17385
-25005
-28185
-26094
-18964
-8074
4499
16305
25037
29011
27518
20962
10751
-1017
-12014
-20175
-24117
-23392
-18520
-10820
-2062
5950
11771
14599
14381
11740
7736
3552
172
-1855
-2509
-2237
-1760
-1796
-2809
-4818
-7362
-9604
-10571
-9448
-5866
-78
7012
13997
19268
21397
19502
13518
4288
-6557
-16910
-24626
-27997
-26142
-19233
-8494
4035
15917
24823
29027
27761
21371
11224
-601
-11762
-20153
-24335
-23798
-19017
-11285
-2378
5864
11939
14984
14893
12255
8130
3728
86
-2185
-3006
-2782
-2222
-2066
-2822
-4572
-6917
-9068
-10072
-9106
-5760
-230
6642
13501
18770
21017
19331
13594
4588
-6111
-16431
-24235
-27791
-26169
-19486
-8906
3571
15518
24592
29023
27987
21770
11694
-177
-11494
-20111
-24533
-24191
-19509
-11754
-2707
5758
12088
15355
15398
12774
8536
3922
18
-2500
-3494
-3327
-2694
-2353
-2855
-4344
-6484
-8534
-9566
-8748
-5634
-364
6284
13010
18266
20623
19141
13651
4874
-5671
-15950
-23832
-27566
-26178
-19722
-9308
3106
15110
24345
29000
28195
22157
12163
254
-11210
-20050
-24714
-24571
-19996
-12229
-3051
5634
12218
15711
15897
13295
8954
4133
-30
-2799
-3972
-3873
-3176
-2656
-2907
-4133
-6061
-8003
-9053
-8376
-5490
-480
5940
12524
17758
20216
18933
13689
5144
-5239
-15466
-23418
-27324
-26167
-19942
-9701
2642
14692
24081
28958
28385
22532
12629
692
-10913
-19970
-24875
-24937
-20478
-12708
-3406
5492
12329
16052
16387
13818
9382
4362
-59
-3080
-4441
-4417
-3667
-2975
-2978
-3940
-5651
-7474
-8533
-7989
-5327
-577
5610
12043
17245
19796
18706
13708
5399
-4815
-14980
-22993
-27065
-26136
-20144
-10083
2178
14267
23801
28896
28557
22895
13091
1136
-10600
-19871
-25018
-25289
-20954
-13190
-3775
5332
12420
16376
16870
14342
9821
4607
-68
-3345
-4899
-4961
-4165
-3309
-3068
-3765
-5253
-6949
-8007
-7588
-5145
-655
5294
11569
16729
19365
18462
13707
5638
-4400
-14494
-22558
-26789
-26086
-20330
-10454
1717
13833
23506
28814
28710
23245
13549
1585
-10275
-19754
-25141
-25626
-21423
-13675
-4155
5154
12492
16685
17342
14866
10269
4869
-58
-3592
-5346
-5501
-4671
-3658
-3177
-3609
-4869
-6429
-7477
-7173
-4944
-714
4993
11101
16211
18921
18200
13687
5861
-3994
-14008
-22114
-26496
-26016
-20497
-10814
1258
13392
23196
28714
28845
23581
14001
2039
-9936
-19618
-25245
-25947
-21884
-14162
-4545
4959
12544
16976
17806
15390
10726
5147
-29
-3821
-5781
-6039
-5183
-4022
-3306
-3471
-4498
-5915
-6942
-6746
-4726
-754
4707
10642
15691
18467
17920
13648
6066
-3598
-13523
-21661
-26188
-25927
-20647
-11162
802
12945
22872
28594
28961
23903
14448
2496
-9584
-19463
-25330
-26253
-22337
-14650
-4947
4746
12577
17251
18258
15912
11191
5441
19
-4032
-6204
-6573
-5701
-4400
-3453
-3351
-4141
-5406
-6404
-6306
-4489
-774
4437
10191
15169
18002
17624
13589
6255
-3213
-13039
-21200
-25864
-25818
-20778
-11496
351
12493
22533
28456
29058
24211
14888
2957
-9221
-19291
-25396
-26543
-22781
-15139
-5358
4517
12591
17508
18700
16432
11663
5750
87
-4225
-6614
-7103
-6224
-4792
-3618
-3251
-3799
-4905
-5863
-5855
-4235
-775
4183
9749
14648
17528
17311
13510
6426
-2838
-12557
-20731
-25524
-25690
-20890
-11818
-96
12035
22181
28299
29136
24503
15321
3420
-8846
-19101
-25441
-26816
-23216
-15628
-5778
4272
12585
17748
19129
16949
12143
6073
174
-4400
-7010
-7627
-6752
-5196
-3802
-3170
-3472
-4411
-5320
-5393
-3963
-757
3946
9316
14127
17045
16982
13412
6579
-2476
-12079
-20256
-25170
-25544
-20984
-12126
-537
11573
21816
28124
29194
24780
15745
3884
-8461
-18894
-25468
-27072
-23640
-16115
-6207
4011
12560
17969
19547
17463
12628
6411
279
-4555
-7392
-8146
-7283
-5613
-4004
-3108
-3161
-3925
-4776
-4921
-3674
-720
3726
8894
13607
16554
16637
13295
6714
-2127
-11604
-19775
-24802
-25378
-21059
-12419
-972
11108
21439
27930
29233
25041
16161
4350
-8065
-18670
-25475
-27311
-24053
-16601
-6643
3734
12516
18172
19951
17973
13119
6762
403
-4692
-7759
-8658
-7818
-6041
-4224
-3065
-2866
-3448
-4231
-4438
-3369
-663
3523
8483
13089
16055
16277
13159
6830
-1790
-11133
-19289
-24420
-25193
-21115
-12697
-1401
10640
21051
27719
29252
25285
16568
4815
-7660
-18430
-25462
-27532
-24455
-17084
-7087
3443
12452
18357
20343
18477
13614
7127
546
-4809
-8111
-9162
-8354
-6481
-4461
-3042
-2587
-2980
-3686
-3947
-3047
-587
3338
8084
12574
15549
15902
13003
6928
-1467
-10668
-18798
-24025
-24991
-21152
-12960
-1821
10170
20651
27490
29252
25512
16965
5280
-7246
-18173
-25430
-27735
-24845
-17564
-7537
3137
12369
18522
20720
18976
14114
7504
706
-4908
-8448
-9659
-8892
-6932
-4715
-3038
-2326
-2523
-3143
-3447
-2710
-491
3171
7697
12062
15037
15513
12829
7007
-1158
-10208
-18303
-23618
-24770
-21169
-13208
-2233
9699
20241
27244
29232
25722
17351
5743
-6824
-17901
-25378
-27920
-25222
-18040
-7993
2817
12268
18669
21083
19469
14616
7893
885
-4987
-8769
-10146
-9431
-7392
-4986
-3054
-2081
-2076
-2601
-2939
-2357
-377
3022
7323
11554
14519
15110
12636
7068
-863
-9755
-17806
-23199
-24531
-21166
-13439
-2636
9228
19821
26982
29192
25915
17726
6204
-6395
-17613
-25307
-28086
-25585
-18511
-8454
2483
12148
18797
21430
19954
15121
8294
1081
-5046
-9073
-10625
-9969
-7862
-5273
-3088
-1854
-1641
-2062
-2424
-1990
-243
2892
6962
11051
13997
14694
12425
7109
-584
-9310
-17306
-22768
-24274
-21145
-13653
-3030
8757
19392
26703
29133
26090
18089
6663
-5958
-17311
-25217
-28234
-25935
-18977
-8919
2137
12010
18905
21763
20432
15628
8705
1294
-5086
-9361
-11093
-10507
-8340
-5576
-3142
-1645
-1218
-1525
-1903
-1608
-91
2780
6614
10554
13471
14265
12195
7131
-320
-8872
-16804
-22327
-24000
-21103
-13851
-3413
8287
18954
26408
29055
26246
18440
7117
-5516
-16994
-25109
-28362
-26271
-19436
-9387
1778
11854
18994
22079
20901
16136
9127
1524
-5107
-9631
-11551
-11044
-8826
-5894
-3215
-1454
-808
-993
-1376
-1212
81
2687
6282
10063
12941
13825
11947
7133
-72
-8443
-16302
-21875
-23710
-21043
-14031
-3785
7818
18509
26098
28957
26385
18777
7567
-5068
-16664
-24981
-28471
-26591
-19889
-9858
1408
11680
19064
22379
21360
16644
9558
1771
-5109
-9884
-11997
-11578
-9320
-6228
-3308
-1281
-410
-466
-844
-802
270
2613
5964
9580
12409
13372
11682
7116
159
-8024
-15800
-21414
-23403
-20962
-14193
-4146
7352
18056
25773
28841
26504
19101
8013
-4616
-16321
-24835
-28562
-26897
-20334
-10332
1027
11488
19114
22662
21810
17151
9998
2034
-5091
-10119
-12432
-12109
-9820
-6576
-3419
-1127
-27
56
-308
-380
478
2558
5661
9104
11875
12909
11400
7080
374
-7614
-15298
-20945
-23080
-20863
-14338
-4495
6890
17597
25433
28705
26605
19411
8452
-4160
-15965
-24671
-28632
-27187
-20771
-10806
635
11280
19144
22929
22250
17657
10446
2312
-5054
-10336
-12854
-12636
-10326
-6938
-3549
-992
343
572
231
54
704
2523
5374
8636
11340
12435
11101
7024
572
-7215
-14798
-20467
-22741
-20744
-14464
-4830
6431
17133
25079
28550
26686
19707
8885
-3701
-15597
-24488
-28684
-27460
-21199
-11281
233
11054
19155
23177
22678
18162
10902
2606
-4997
-10535
-13263
-13159
-10837
-7314
-3697
-876
697
1081
773
500
947
2506
5103
8177
10805
11952
10785
6949
752
-6828
-14300
-19982
-22387
-20605
-14572
-5153
5977
16663
24712
28377
26749
19987
9310
-3239
-15217
-24288
-28715
-27717
-21618
-11756
-178
10813
19147
23408
23095
18663
11364
2914
-4922
-10715
-13659
-13676
-11352
-7703
-3864
-778
1037
1583
1318
957
1208
2509
4849
7729
10270
11460
10453
6855
914
-6452
-13805
-19491
-22019
-20448
-14661
-5462
5529
16189
24332
28185
26792
20252
9728
-2776
-14827
-24071
-28727
-27957
-22026
-12230
-598
10555
19119
23621
23499
19161
11833
3237
-4828
-10877
-14040
-14188
-11871
-8104
-4049
-700
1361
2076
1863
1424
1486
2532
4612
7290
9736
10960
10105
6741
1058
-6088
-13314
-18993
-21636
-20272
-14731
-5757
5087
15712
23940
27975
26815
20501
10137
-2312
-14426
-23837
-28720
-28179
-22423
-12702
-1025
10282
19072
23816
23890
19654
12307
3573
-4715
-11019
-14407
-14693
-12394
-8516
-4251
-642
1668
2561
2409
1901
1780
2574
4393
6863
9205
10452
9742
6608
1184
-5738
-12827
-18490
-21240
-20077
-14781
-6036
4652
15232
23536
27748
26819
20733
10537
-1847
-14016
-23586
-28693
-28384
-22809
-13171
-1459
9994
19006
23992
24268
20143
12786
3923
-4583
-11142
-14759
-15191
-12918
-8941
-4471
-602
1960
3036
2955
2387
2091
2635
4190
6447
8676
9937
9364
6456
1292
-5401
-12346
-17983
-20831
-19864
-14813
-6301
4224
14750
23121
27502
26804
20948
10927
-1384
-13598
-23319
-28647
-28571
-23182
-13638
-1900
9692
18921
24149
24632
20625
13269
4285
-4434
-11246
-15095
-15680
-13444
-9375
-4708
-582
2234
3500
3499
2882
2417
2715
4006
6043
8150
9416
8972
6285
1380
-5078
-11870
-17472
-20409
-19633
-14826
-6549
3804
14267
22695
27240
26769
21147
11306
-921
-13170
-23036
-28581
-28739
-23543
-14100
-2347
9375
18817
24287
24982
21102
13755
4659
-4267
-11331
-15415
-16161
-13970
-9820
-4962
-582
2491
3954
4042
3384
2759
2815
3840
5652
7629
8890
8566
6096
1450
-4770
-11401
-16957
-19975
-19384
-14819
-6782
3394
13783
22260
26961
26714
21328
11674
-461
-12736
-22739
-28496
-28889
-23891
-14558
-2799
9045
18694
24406
25316
21571
14243
5045
-4081
-11396
-15718
-16632
-14497
-10274
-5232
-601
2731
4397
4583
3894
3116
2933
3693
5275
7113
8359
8148
5888
1500
-4476
-10939
-16441
-19530
-19117
-14792
-6998
2993
13300
21816
26666
26640
21491
12030
-4
-12294
-22426
-28391
-29021
-24225
-15011
-3255
8702
18553
24506
25635
22032
14733
5441
-3879
-11442
-16005
-17094
-15022
-10736
-5518
-639
2952
4827
5120
4410
3487
3070
3564
4911
6602
7824
7716
5662
1532
-4198
-10485
-15923
-19074
-18833
-14746
-7197
2602
12817
21362
26355
26547
21636
12374
450
-11847
-22099
-28268
-29133
-24545
-15457
-3714
8347
18394
24586
25938
22485
15224
5848
-3660
-11468
-16275
-17545
-15546
-11206
-5819
-696
3156
5245
5653
4931
3871
3226
3454
4562
6098
7285
7272
5418
1544
-3937
-10039
-15404
-18608
-18532
-14681
-7379
2223
12336
20902
26028
26434
21762
12705
900
-11394
-21758
-28126
-29226
-24850
-15896
-4176
7980
18217
24647
26225
22929
15716
6264
-3424
-11475
-16527
-17984
-16068
-11684
-6136
-772
3341
5649
6181
5457
4270
3401
3363
4227
5600
6744
6817
5157
1536
-3691
-9603
-14885
-18133
-18215
-14596
-7543
1854
11858
20434
25687
26302
21870
13023
1344
-10937
-21404
-27966
-29300
-25139
-16328
-4641
7601
18022
24689
26495
23363
16207
6690
-3172
-11462
-16761
-18411
-16587
-12168
-6467
-867
3508
6040
6704
5988
4680
3594
3291
3908
5111
6202
6351
4878
1510
-3462
-9177
-14367
-17649
-17882
-14492
-7689
1498
11383
19959
25331
26151
21959
13326
1783
-10475
-21037
-27787
-29354
-25413
-16752
-5107
7212
17811
24710
26748
23786
16696
7123
-2905
-11430
-16977
-18826
-17102
-12659
-6812
-981
3655
6417
7221
6522
5104
3804
3238
3605
4629
5658
5875
4583
1464
-3251
-8762
-13850
-17157
-17533
-14368
-7817
1154
10912
19479
24960
25981
22029
13615
2215
-10010
-20659
-27590
-29389
-25671
-17167
-5573
6814
17582
24713
26983
24198
17184
7564
-2622
-11379
-17175
-19228
-17612
-13154
-7170
-1114
3784
6779
7731
7058
5538
4032
3205
3318
4157
5114
5389
4271
1398
-3056
-8357
-13336
-16658
-17169
-14226
-7926
824
10446
18994
24577
25793
22080
13889
2640
-9543
-20268
-27376
-29405
-25912
-17572
-6039
6406
17338
24695
27201
24599
17668
8012
-2324
-11309
-17354
-19617
-18118
-13654
-7542
-1265
3894
7125
8234
7597
5984
4278
3191
3047
3695
4571
4895
3942
1313
-2880
-7965
-12824
-16152
-16791
-14064
-8017
507
9985
18504
24180
25586
22111
14147
3057
-9075
-19867
-27144
-29401
-26136
-17967
-6504
5989
17077
24659
27401
24987
18150
8466
-2012
-11220
-17514
-19991
-18617
-14157
-7926
-1434
3984
7456
8728
8137
6440
4541
3196
2793
3243
4028
4392
3599
1209
-2721
-7585
-12316
-15640
-16398
-13883
-8089
205
9530
18012
23772
25362
22123
14389
3466
-8605
-19456
-26895
-29377
-26343
-18351
-6968
5565
16801
24603
27582
25362
18627
8926
-1686
-11112
-17656
-20351
-19109
-14663
-8322
-1620
4055
7771
9213
8677
6906
4820
3221
2557
2802
3488
3881
3239
1086
-2581
-7218
-11813
-15123
-15992
-13684
-8142
-83
9082
17516
23351
25119
22116
14615
3865
-8135
-19035
-26630
-29334
-26532
-18724
-7429
5133
16509
24528
27744
25724
19099
9390
-1347
-10986
-17778
-20695
-19595
-15172
-8729
-1824
4107
8069
9689
9217
7381
5115
3265
2339
2373
2951
3364
2866
944
-2460
-6864
-11315
-14601
-15572
-13467
-8175
-355
8642
17018
22920
24859
22089
14825
4255
-7665
-18605
-26349
-29271
-26703
-19085
-7887
4695
16203
24433
27888
26072
19565
9858
-996
-10842
-17880
-21024
-20072
-15682
-9147
-2046
4139
8351
10154
9756
7864
5426
3328
2138
1955
2417
2841
2478
783
-2357
-6524
-10822
-14076
-15140
-13231
-8190
-612
8209
16519
22477
24582
22043
15017
4634
-7197
-18167
-26051
-29189
-26856
-19433
-8341
4251
15883
24320
28013
26406
20025
10330
-632
-10679
-17964
-21337
-20540
-16193
-9574
-2284
4152
8615
10609
10294
8355
5752
3411
1955
1551
1887
2312
2076
604
-2273
-6199
-10336
-13547
-14697
-12978
-8185
-852
7786
16020
22025
24288
21977
15191
5002
-6731
-17722
-25739
-29088
-26990
-19767
-8790
3802
15550
24189
28118
26724
20478
10804
-257
-10499
-18028
-21633
-20999
-16703
-10011
-2538
4145
8862
11052
10828
8854
6094
3512
1791
1160
1362
1778
1661
406
-2208
-5889
-9857
-13016
-14242
-12707
-8161
-1076
7372
15520
21564
23977
21891
15348
5358
-6268
-17269
-25411
-28967
-27106
-20089
-9234
3349
15203
24038
28205
27027
20923
11279
129
-10302
-18072
-21912
-21448
-17213
-10457
-2808
4119
9090
11483
11360
9358
6449
3632
1646
783
842
1241
1234
190
-2162
-5595
-9387
-12484
-13776
-12419
-8117
-1283
6969
15022
21095
23651
21786
15487
5701
-5808
-16811
-25070
-28828
-27202
-20395
-9672
2892
14845
23870
28271
27314
21359
11756
526
-10088
-18097
-22175
-21886
-17721
-10910
-3094
4074
9301
11902
11887
9868
6819
3771
1520
420
330
700
794
-44
-2136
-5316
-8925
-11951
-13300
-12114
-8054
-1473
6576
14525
20617
23310
21662
15607
6032
-5353
-16347
-24714
-28670
-27280
-20688
-10104
2432
14474
23684
28319
27585
21787
12233
932
-9857
-18103
-22419
-22313
-18227
-11371
-3395
4010
9493
12307
12410
10383
7202
3929
1412
72
-176
157
343
-296
-2129
-5054
-8472
-11418
-12815
-11793
-7971
-1645
6195
14031
20133
22953
21519
15709
6350
-4902
-15878
-24345
-28493
-27338
-20964
-10527
1970
14092
23480
28346
27839
22204
12710
1347
-9609
-18089
-22646
-22728
-18730
-11838
-3711
3927
9666
12698
12927
10902
7597
4104
1324
-260
-674
-388
-119
-564
-2141
-4808
-8029
-10885
-12322
-11456
-7869
-1800
5825
13540
19642
22582
21357
15792
6653
-4458
-15405
-23964
-28298
-27377
-21225
-10943
1506
13699
23259
28355
28076
22612
13185
1770
-9347
-18055
-22855
-23131
-19230
-12312
-4040
3825
9821
13075
13438
11425
8005
4298
1255
-577
-1164
-934
-591
-850
-2173
-4580
-7597
-10354
-11820
-11103
-7748
-1936
5469
13053
19145
22197
21176
15856
6942
-4019
-14930
-23570
-28085
-27397
-21470
-11350
1042
13297
23022
28343
28295
23008
13658
2201
-9068
-18003
-23045
-23520
-19724
-12790
-4383
3704
9956
13438
13942
11950
8425
4509
1205
-878
-1645
-1480
-1072
-1152
-2224
-4369
-7176
-9825
-11310
-10735
-7608
-2054
5125
12571
18643
21798
20976
15901
7216
-3588
-14451
-23165
-27854
-27396
-21699
-11747
579
12885
22768
28312
28497
23392
14129
2639
-8775
-17931
-23217
-23896
-20214
-13273
-4739
3565
10072
13785
14439
12477
8855
4737
1175
-1162
-2115
-2026
-1563
-1470
-2294
-4176
-6767
-9299
-10795
-10352
-7448
-2153
4795
12094
18137
21387
20759
15927
7475
-3165
-13971
-22749
-27606
-27377
-21910
-12134
115
12465
22497
28262
28680
23764
14596
3083
-8468
-17841
-23369
-24258
-20697
-13760
-5108
3408
10169
14116
14927
13006
9296
4983
1164
-1428
-2576
-2570
-2061
-1804
-2383
-4000
-6370
-8777
-10273
-9956
-7270
-2233
4480
11623
17627
20963
20523
15933
7717
-2750
-13490
-22323
-27341
-27338
-22105
-12510
-346
12036
22212
28192
28845
24123
15059
3532
-8147
-17731
-23503
-24605
-21174
-14249
-5488
3234
10247
14431
15407
13535
9746
5245
1172
-1678
-3025
-3113
-2567
-2153
-2492
-3843
-5986
-8259
-9746
-9545
-7074
-2295
4179
11159
17115
20528
20269
15920
7944
-2344
-13008
-21887
-27059
-27279
-22281
-12875
-805
11601
21911
28104
28992
24469
15517
3987
-7812
-17603
-23617
-24937
-21643
-14741
-5880
3041
10305
14730
15876
14063
10206
5523
1200
-1910
-3463
-3653
-3080
-2516
-2620
-3705
-5615
-7747
-9214
-9122
-6859
-2337
3893
10702
16601
20081
19998
15887
8153
-1948
-12528
-21443
-26761
-27201
-22440
-13228
-1261
11159
21595
27996
29120
24801
15970
4445
-7465
-17457
-23712
-25253
-22105
-15234
-6282
2832
10344
15012
16336
14591
10674
5817
1247
-2124
-3888
-4189
-3600
-2894
-2766
-3585
-5259
-7240
-8679
-8686
-6626
-2360
3624
10254
16085
19624
19709
15835
8346
-1563
-12048
-20990
-26448
-27103
-22580
-13569
-1713
10710
21266
27869
29228
25118
16416
4907
-7106
-17293
-23788
-25553
-22558
-15728
-6694
2606
10363
15276
16784
15117
11150
6126
1313
-2320
-4301
-4721
-4124
-3285
-2931
-3484
-4917
-6740
-8141
-8239
-6375
-2363
3370
9814
15569
19158
19404
15763
8521
-1188
-11570
-20529
-26119
-26986
-22702
-13896
-2161
10257
20923
27723
29318
25420
16854
5371
-6735
-17111
-23844
-25837
-23001
-16222
-7116
2363
10363
15523
17221
15640
11632
6451
1398
-2497
-4700
-5248
-4653
-3690
-3114
-3403
-4591
-6247
-7600
-7780
-6106
-2348
3132
9385
15053
18681
19083
15672
8678
-826
-11095
-20061
-25775
-26850
-22805
-14209
-2603
9800
20566
27559
29388
25707
17286
5837
-6353
-16912
-23881
-26104
-23434
-16715
-7546
2105
10344
15752
17646
16160
12122
6789
1502
-2655
-5086
-5769
-5186
-4107
-3315
-3340
-4279
-5762
-7058
-7311
-5821
-2313
2912
8965
14538
18197
18746
15562
8818
-475
-10624
-19588
-25417
-26695
-22890
-14508
-3039
9338
20198
27377
29439
25978
17708
6304
-5960
-16696
-23898
-26353
-23856
-17207
-7985
1830
10305
15963
18059
16676
12616
7142
1624
-2795
-5457
-6284
-5723
-4537
-3535
-3297
-3984
-5286
-6516
-6831
-5519
-2258
2708
8556
14024
17705
18393
15432
8939
-138
-10157
-19109
-25045
-26522
-22955
-14793
-3469
8874
19817
27177
29470
26233
18122
6771
-5559
-16463
-23896
-26585
-24268
-17696
-8430
1541
10247
16155
18458
17187
13116
7508
1765
-2916
-5813
-6792
-6261
-4977
-3772
-3273
-3705
-4819
-5973
-6342
-5200
-2184
2523
8158
13513
17205
18026
15284
9041
186
-9695
-18625
-24659
-26329
-23001
-15062
-3891
8408
19426
26959
29482
26471
18526
7238
-5148
-16214
-23874
-26799
-24667
-18183
-8882
1237
10170
16328
18843
17693
13620
7886
1925
-3017
-6153
-7292
-6802
-5429
-4026
-3268
-3442
-4362
-5431
-5845
-4866
-2091
2355
7773
13006
16699
17644
15116
9125
497
-9238
-18137
-24261
-26119
-23027
-15316
-4305
7940
19023
26725
29474
26692
18919
7704
-4728
-15949
-23833
-26995
-25054
-18665
-9341
919
10075
16483
19214
18192
14127
8277
2102
-3099
-6478
-7784
-7343
-5891
-4296
-3283
-3197
-3915
-4890
-5339
-4516
-1979
2205
7400
12502
16187
17248
14930
9190
792
-8788
-17646
-23851
-25890
-23034
-15554
-4710
7471
18611
26473
29446
26895
19301
8168
-4301
-15668
-23772
-27173
-25427
-19143
-9804
588
9961
16618
19570
18685
14637
8679
2297
-3162
-6787
-8266
-7885
-6362
-4584
-3317
-2969
-3480
-4352
-4827
-4150
-1847
2074
7040
12003
15671
16838
14725
9235
1073
-8345
-17152
-23430
-25644
-23022
-15775
-5106
7003
18189
26205
29399
27081
19672
8629
-3868
-15373
-23692
-27332
-25787
-19616
-10272
243
9828
16735
19911
19170
15149
9093
2509
-3206
-7079
-8739
-8426
-6842
-4887
-3370
-2759
-3057
-3816
-4307
-3771
-1697
1961
6694
11509
15150
16416
14501
9262
1339
-7909
-16657
-22997
-25381
-22990
-15979
-5491
6535
17759
25920
29333
27248
20030
9087
-3427
-15063
-23594
-27472
-26133
-20083
-10743
-114
9677
16832
20236
19646
15662
9517
2739
-3230
-7354
-9201
-8966
-7330
-5206
-3442
-2567
-2646
-3284
-3782
-3377
-1527
1867
6362
11021
14625
15982
14260
9269
1588
-7482
-16160
-22555
-25100
-22939
-16166
-5866
6069
17320
25621
29247
27397
20376
9540
-2982
-14740
-23476
-27592
-26465
-20543
-11218
-483
9508
16909
20545
20114
16175
9950
2984
-3234
-7611
-9652
-9504
-7826
-5540
-3534
-2394
-2248
-2757
-3251
-2970
-1340
1792
6045
10540
14098
15535
14001
9257
1822
-7065
-15663
-22102
-24803
-22868
-16335
-6230
5606
16874
25306
29142
27528
20708
9989
-2531
-14403
-23340
-27694
-26781
-20996
-11695
-864
9322
16967
20838
20572
16689
10393
3247
-3220
-7851
-10092
-10039
-8328
-5889
-3645
-2238
-1863
-2235
-2716
-2549
-1134
1736
5742
10067
13569
15078
13725
9225
2038
-6657
-15167
-21641
-24490
-22778
-16486
-6581
5145
16422
24976
29018
27640
21026
10432
-2077
-14053
-23186
-27776
-27081
-21441
-12173
-1255
9119
17006
21113
21020
17201
10844
3525
-3186
-8073
-10519
-10571
-8837
-6252
-3774
-2102
-1493
-1719
-2177
-2117
-910
1700
5456
9602
13038
14610
13431
9174
2238
-6259
-14672
-21171
-24161
-22668
-16620
-6920
4688
15964
24632
28875
27732
21330
10869
-1619
-13692
-23014
-27839
-27366
-21877
-12652
-1656
8898
17025
21371
21457
17711
11303
3818
-3133
-8277
-10934
-11098
-9351
-6629
-3922
-1984
-1137
-1209
-1636
-1672
-668
1682
5186
9145
12507
14132
13121
9104
2420
-5873
-14179
-20694
-23816
-22539
-16735
-7246
4235
15500
24275
28713
27806
21619
11299
-1158
-13318
-22824
-27882
-27634
-22304
-13131
-2066
8662
17025
21612
21882
18219
11769
4126
-3061
-8462
-11335
-11620
-9870
-7019
-4088
-1886
-796
-707
-1092
-1216
-409
1684
4932
8698
11976
13646
12795
9014
2585
-5498
-13688
-20210
-23457
-22391
-16831
-7559
3788
15032
23905
28533
27860
21892
11721
-696
-12934
-22616
-27906
-27885
-22721
-13609
-2485
8409
17005
21834
22296
18723
12241
4449
-2969
-8628
-11722
-12137
-10392
-7421
-4273
-1806
-470
-212
-546
-750
-132
1706
4695
8262
11446
13150
12452
8904
2731
-5135
-13201
-19720
-23083
-22224
-16908
-7857
3347
14561
23522
28335
27895
22150
12134
-232
-12539
-22391
-27910
-28118
-23127
-14086
-2912
8141
16966
22038
22696
19224
12719
4785
-2860
-8776
-12094
-12647
-10918
-7836
-4475
-1746
-161
273
0
