1651 2 105c 1 1 0
0
0
0
0
0
0
0
0
0
0
0
0
1
1
1
1
1
0
-1
-3
-4
-5
-5
-4
-1
3
8
12
15
15
11
4
-6
-17
-27
-33
-32
-24
-8
12
34
53
63
61
44
15
-23
-63
-95
-111
-105
-74
-22
44
109
160
183
168
114
26
-79
-181
-257
-286
-255
-164
-24
138
289
396
428
369
222
9
-231
-447
-589
-617
-513
-284
32
375
672
853
866
689
343
-114
-592
-989
-1209
-1186
-900
-388
261
916
1434
1689
1598
1147
398
-512
-1401
-2071
-2351
-2141
-1436
-339
949
2166
3033
3321
2898
1773
109
-1793
-3540
-4718
-4974
-4091
-2051
942
4476
7986
10846
12475
12449
10589
7014
2145
-3350
-8652
-12921
-15435
-15720
-13637
-9421
-3653
2819
9012
13967
16898
17323
15146
10673
4569
-2248
-8750
-13956
-17089
-17688
-15680
-11383
-5453
1224
7661
12925
16273
17250
15754
12039
6666
422
-5803
-11141
-14862
-16475
-15788
-12924
-8302
-2572
3473
9006
13278
15710
15978
14047
10181
4907
-1056
-6889
-11786
-15065
-16259
-15188
-11984
-7081
-1156
4963
10412
14414
16392
16052
13432
8895
3083
-3177
-8991
-13527
-16138
-16452
-14428
-10362
-4839
1349
7323
12238
15406
16391
15071
11646
6609
675
-5324
-10555
-14296
-16038
-15550
-12909
-8485
-2894
3093
8652
13016
15581
15991
14181
10393
5144
-845
-6744
-11729
-15096
-16360
-15329
-12131
-7202
-1229
4949
10453
14496
16493
16150
13505
8931
3077
-3221
-9061
-13608
-16212
-16506
-14453
-10355
-4802
1408
7392
12304
15458
16421
15073
11621
6563
615
-5387
-10610
-14335
-16055
-15542
-12878
-8437
-2837
3150
8699
13046
15590
15978
14149
10348
5093
-893
-6782
-11752
-15101
-16348
-15303
-12095
-7163
-1191
4979
10473
14504
16490
16136
13484
8904
3048
-3249
-9086
-13626
-16223
-16507
-14444
-10335
-4774
1443
7428
12337
15482
16432
15069
11600
6528
570
-5435
-10654
-14366
-16068
-15535
-12851
-8395
-2785
3203
8744
13075
15599
15966
14118
10304
5043
-941
-6820
-11775
-15106
-16336
-15276
-12059
-7123
-1154
5009
10493
14512
16485
16121
13461
8876
3018
-3277
-9110
-13645
-16233
-16508
-14434
-10315
-4745
1477
7464
12370
15507
16444
15065
11580
6493
526
-5483
-10697
-14398
-16082
-15529
-12825
-8352
-2734
3255
8788
13104
15609
15954
14087
10259
4993
-989
-6859
-11798
-15111
-16323
-15249
-12022
-7082
-1116
5040
10513
14519
16481
16106
13438
8848
2989
-3306
-9135
-13663
-16243
-16508
-14424
-10295
-4717
1511
7500
12402
15530
16455
15061
11560
6458
482
-5530
-10740
-14429
-16096
-15523
-12799
-8310
-2682
3308
8833
13134
15619
15943
14057
10215
4942
-1038
-6898
-11822
-15117
-16311
-15221
-11985
-7041
-1077
5071
10533
14527
16476
16090
13414
8820
2959
-3334
-9158
-13680
-16252
-16507
-14413
-10275
-4688
1544
7535
12434
15554
16466
15057
11540
6425
438
-5577
-10782
-14460
-16111
-15517
-12773
-8269
-2631
3360
8878
13164
15629
15932
14027
10171
4892
-1086
-6937
-11846
-15123
-16298
-15194
-11947
-7000
-1038
5102
10553
14534
16470
16074
13390
8791
2929
-3362
-9182
-13697
-16261
-16506
-14402
-10255
-4660
1577
7569
12465
15577
16477
15053
11520
6391
395
-5623
-10825
-14492
-16125
-15512
-12748
-8227
-2580
3412
8923
13195
15640
15921
13997
10127
4841
-1135
-6977
-11870
-15129
-16286
-15166
-11909
-6958
-999
5134
10573
14541
16464
16057
13365
8762
2899
-3390
-9205
-13714
-16269
-16505
-14391
-10234
-4633
1610
7603
12495
15600
16488
15049
11501
6358
353
-5669
-10867
-14523
-16140
-15507
-12724
-8187
-2529
3465
8969
13226
15651
15911
13967
10083
4790
-1185
-7017
-11895
-15135
-16274
-15138
-11871
-6916
-959
5166
10593
14548
16458
16040
13339
8732
2868
-3419
-9229
-13730
-16276
-16503
-14380
-10214
-4605
1643
7636
12525
15622
16498
15045
11482
6325
311
-5715
-10909
-14554
-16154
-15502
-12699
-8146
-2479
3517
9014
13257
15663
15901
13937
10039
4739
-1235
-7058
-11920
-15141
-16261
-15110
-11832
-6873
-918
5199
10614
14555
16452
16022
13314
8702
2837
-3447
-9252
-13745
-16283
-16500
-14368
-10193
-4577
1675
7669
12555
15644
16508
15041
11463
6293
269
-5760
-10950
-14585
-16169
-15497
-12675
-8106
-2428
3569
9060
13288
15675
15891
13908
9995
4687
-1285
-7099
-11946
-15148
-16249
-15082
-11793
-6830
-877
5231
10634
14561
16445
16004
13287
8671
2806
-3475
-9274
-13760
-16289
-16497
-14355
-10172
-4550
1706
7701
12584
15665
16518
15037
11444
6261
228
-5804
-10991
-14616
-16184
-15493
-12652
-8066
-2378
3621
9105
13320
15687
15882
13879
9951
4636
-1335
-7140
-11972
-15155
-16237
-15053
-11754
-6786
-836
5264
10655
14568
16438
15985
13261
8640
2774
-3503
-9297
-13775
-16295
-16493
-14342
-10151
-4522
1738
7734
12612
15686
16528
15033
11425
6230
187
-5848
-11032
-14647
-16199
-15489
-12628
-8026
-2329
3674
9151
13352
15699
15873
13850
9907
4585
-1386
-7181
-11998
-15162
-16225
-15025
-11714
-6742
-794
5298
10676
14575
16430
15966
13233
8608
2742
-3532
-9319
-13789
-16300
-16489
-14329
-10130
-4494
1769
7765
12640
15706
16537
15028
11407
6198
147
-5892
-11073
-14677
-16215
-15485
-12605
-7987
-2279
3725
9197
13383
15712
15864
13821
9863
4533
-1437
-7224
-12025
-15170
-16213
-14996
-11674
-6697
-752
5332
10697
14581
16422
15946
13205
8576
2710
-3560
-9341
-13803
-16304
-16484
-14315
-10108
-4467
1800
7796
12667
15726
16546
15023
11388
6167
107
-5935
-11113
-14708
-16230
-15482
-12583
-7949
-2230
3777
9243
13416
15725
15856
13793
9819
4481
-1488
-7266
-12052
-15178
-16201
-14967
-11633
-6652
-709
5366
10719
14588
16415
15926
13176
8544
2678
-3589
-9363
-13816
-16308
-16479
-14301
-10086
-4439
1831
7826
12694
15745
16554
15019
11370
6137
67
-5978
-11153
-14738
-16245
-15478
-12561
-7910
-2182
3828
9288
13448
15739
15848
13765
9776
4429
-1540
-7309
-12079
-15186
-16190
-14938
-11593
-6606
-666
5401
10741
14594
16406
15905
13147
8510
2645
-3618
-9385
-13830
-16312
-16473
-14286
-10064
-4412
1861
7857
12720
15764
16563
15014
11352
6107
29
-6021
-11192
-14768
-16260
-15475
-12539
-7873
-2133
3880
9334
13481
15753
15841
13737
9732
4377
-1591
-7352
-12107
-15195
-16178
-14910
-11552
-6561
-622
5436
10762
14601
16398
15884
13117
8476
2612
-3647
-9407
-13843
-16315
-16467
-14271
-10042
-4384
1891
7886
12746
15782
16570
15010
11334
6077
-10
-6062
-11231
-14798
-16275
-15473
-12518
-7835
-2085
3931
9380
13514
15767
15834
13710
9689
4326
-1643
-7395
-12135
-15203
-16167
-14881
-11511
-6514
-578
5472
10785
14608
16389
15863
13087
8442
2578
-3676
-9428
-13855
-16318
-16460
-14256
-10019
-4357
1921
7915
12771
15800
16577
15004
11316
6047
-48
-6104
-11270
-14827
-16290
-15470
-12496
-7798
-2037
3982
9426
13547
15781
15827
13683
9646
4274
-1695
-7439
-12164
-15213
-16156
-14852
-11470
-6468
-534
5507
10807
14614
16381
15841
13057
8408
2544
-3705
-9450
-13867
-16319
-16452
-14239
-9996
-4329
1951
7944
12796
15817
16585
14999
11298
6018
-85
-6145
-11308
-14857
-16306
-15468
-12476
-7761
-1990
4032
9472
13580
15796
15820
13656
9603
4222
-1748
-7484
-12193
-15222
-16145
-14824
-11428
-6420
-488
5544
10830
14621
16372
15819
13026
8372
2510
-3735
-9471
-13879
-16321
-16443
-14222
-9973
-4301
1980
7972
12820
15834
16591
14994
11280
5988
-123
-6185
-11346
-14886
-16321
-15465
-12455
-7725
-1943
4083
9518
13613
15811
15815
13630
9561
4170
-1800
-7528
-12222
-15232
-16135
-14795
-11387
-6373
-443
5581
10853
14628
16363
15797
12994
8336
2475
-3764
-9493
-13890
-16322
-16435
-14205
-9949
-4273
2009
8000
12843
15850
16597
14988
11262
5960
-159
-6225
-11383
-14915
-16336
-15463
-12435
-7689
-1896
4133
9563
13647
15826
15809
13604
9519
4119
-1852
-7572
-12252
-15242
-16124
-14766
-11345
-6325
-397
5618
10876
14635
16353
15774
12962
8300
2439
-3794
-9514
-13901
-16323
-16425
-14187
-9925
-4245
2039
8028
12866
15866
16603
14982
11245
5931
-195
-6264
-11420
-14943
-16351
-15461
-12416
-7654
-1850
4183
9609
13680
15842
15804
13578
9477
4067
-1905
-7618
-12282
-15253
-16114
-14738
-11303
-6277
-351
5655
10900
14642
16344
15751
12929
8263
2404
-3824
-9536
-13912
-16323
-16415
-14169
-9900
-4217
2068
8055
12889
15880
16608
14976
11227
5903
-231
-6303
-11457
-14971
-16366
-15459
-12396
-7619
-1804
4233
9654
13714
15858
15799
13552
9434
4015
-1958
-7663
-12313
-15264
-16104
-14709
-11261
-6229
-304
5693
10924
14649
16334
15727
12896
8226
2367
-3855
-9557
-13923
-16322
-16405
-14150
-9875
-4189
2097
8082
12911
15895
16612
14969
11209
5875
-267
-6342
-11493
-14999
-16381
-15458
-12377
-7585
-1759
4282
9699
13748
15874
15794
13528
9393
3964
-2011
-7708
-12344
-15276
-16095
-14681
-11219
-6181
-257
5732
10948
14657
16325
15703
12862
8188
2331
-3886
-9579
-13933
-16322
-16394
-14131
-9850
-4160
2126
8109
12932
15909
16617
14963
11191
5847
-301
-6379
-11528
-15027
-16395
-15456
-12358
-7550
-1714
4331
9744
13781
15890
15790
13503
9352
3913
-2063
-7754
-12375
-15287
-16085
-14652
-11177
-6132
-209
5771
10973
14664
16315
15679
12828
8150
2294
-3917
-9600
-13943
-16320
-16382
-14111
-9825
-4132
2155
8135
12953
15922
16621
14956
11173
5819
-336
-6417
-11563
-15054
-16409
-15455
-12340
-7517
-1670
4379
9789
13815
15907
15786
13479
9311
3862
-2116
-7800
-12406
-15299
-16076
-14624
-11134
-6082
-161
5810
10998
14672
16306
15655
12794
8111
2256
-3948
-9622
-13953
-16319
-16370
-14090
-9798
-4103
2183
8161
12974
15935
16624
14948
11155
5792
-370
-6454
-11597
-15080
-16424
-15453
-12322
-7483
-1626
4427
9834
13849
15923
15782
13455
9270
3811
-2169
-7846
-12438
-15312
-16068
-14596
-11092
-6033
-113
5850
11024
14680
16296
15630
12759
8072
2218
-3980
-9643
-13963
-16317
-16358
-14070
-9772
-4074
2212
8186
12993
15947
16626
14940
11136
5765
-404
-6490
-11631
-15107
-16438
-15452
-12304
-7451
-1582
4475
9879
13882
15940
15779
13431
9230
3760
-2222
-7893
-12470
-15325
-16059
-14568
-11050
-5983
-64
5890
11050
14689
16287
15606
12724
8032
2179
-4012
-9665
-13973
-16314
-16344
-14048
-9745
-4044
2241
8212
13013
15958
16629
14932
11118
5737
-438
-6526
-11665
-15133
-16452
-15450
-12286
-7418
-1539
4523
9923
13916
15958
15776
13408
9190
3709
-2275
-7939
-12503
-15338
-16051
-14540
-11007
-5933
-15
5931
11076
14697
16277
15581
12688
7991
2141
-4044
-9687
-13983
-16311
-16330
-14026
-9717
-4014
2270
8237
13032
15970
16630
14924
11100
5710
-471
-6562
-11698
-15159
-16466
-15449
-12269
-7386
-1497
4570
9967
13950
15975
15774
13385
9150
3659
-2328
-7986
-12536
-15352
-16044
-14513
-10965
-5884
35
5972
11102
14706
16268
15555
12652
7950
2101
-4076
-9709
-13992
-16308
-16316
-14003
-9689
-3985
2298
8262
13051
15980
16632
14915
11081
5683
-504
-6596
-11730
-15184
-16479
-15448
-12251
-7354
-1454
4616
10011
13984
15992
15771
13363
9111
3609
-2381
-8033
-12569
-15365
-16036
-14486
-10923
-5833
84
6013
11129
14714
16258
15530
12615
7909
2061
-4110
-9731
-14002
-16305
-16302
-13980
-9661
-3955
2327
8286
13069
15990
16632
14906
11062
5656
-536
-6631
-11762
-15208
-16492
-15446
-12234
-7323
-1413
4662
10054
14017
16010
15769
13341
9072
3559
-2434
-8080
-12602
-15380
-16029
-14458
-10880
-5783
134
6055
11157
14724
16249
15504
12579
7867
2021
-4143
-9753
-14011
-16301
-16287
-13956
-9632
-3924
2356
8310
13086
15999
16632
14896
11044
5630
-568
-6664
-11793
-15232
-16505
-15444
-12217
-7292
-1371
4709
10098
14051
16028
15768
13320
9034
3509
-2486
-8127
-12636
-15394
-16022
-14432
-10838
-5732
185
6097
11184
14733
16239
15479
12542
7825
1980
-4176
-9776
-14020
-16297
-16271
-13932
-9603
-3893
2385
8334
13104
16008
16631
14886
11024
5603
-600
-6698
-11824
-15256
-16517
-15443
-12201
-7261
-1330
4754
10140
14084
16045
15766
13298
8995
3460
-2539
-8174
-12670
-15409
-16016
-14405
-10796
-5682
236
6140
11212
14743
16230
15453
12504
7782
1939
-4211
-9798
-14029
-16292
-16254
-13907
-9573
-3862
2413
8358
13120
16016
16630
14875
11005
5576
-631
-6731
-11854
-15279
-16529
-15441
-12184
-7231
-1290
4799
10183
14117
16063
15765
13277
8957
3411
-2592
-8221
-12704
-15425
-16010
-14379
-10754
-5631
286
6183
11241
14753
16221
15427
12466
7739
1897
-4245
-9821
-14038
-16288
-16238
-13881
-9542
-3831
2443
8382
13137
16024
16629
14864
10985
5549
-663
-6764
-11884
-15302
-16541
-15440
-12167
-7201
-1250
4843
10225
14150
16081
15764
13257
8920
3362
-2644
-8269
-12739
-15440
-16004
-14353
-10712
-5580
338
6226
11270
14763
16212
15401
12428
7695
1854
-4280
-9845
-14047
-16283
-16221
-13856
-9512
-3799
2472
8406
13153
16031
16627
14853
10966
5523
-694
-6795
-11913
-15324
-16553
-15438
-12151
-7171
-1211
4887
10267
14183
16099
15763
13237
8883
3314
-2696
-8316
-12773
-15456
-15999
-14327
-10670
-5529
389
6270
11299
14774
16203
15375
12390
7652
1812
-4315
-9868
-14056
-16278
-16203
-13829
-9481
-3767
2501
8429
13168
16038
16624
14841
10945
5496
-724
-6827
-11942
-15346
-16564
-15436
-12135
-7142
-1172
4931
10309
14215
16117
15763
13217
8846
3266
-2748
-8363
-12808
-15473
-15994
-14302
-10628
-5479
441
6314
11329
14785
16194
15349
12351
7607
1769
-4351
-9891
-14065
-16272
-16185
-13802
-9448
-3735
2530
8452
13184
16044
16620
14829
10925
5470
-755
-6858
-11970
-15367
-16575
-15434
-12119
-7113
-1133
4974
10350
14248
16135
15763
13198
8810
3218
-2800
-8411
-12843
-15489
-15989
-14277
-10587
-5428
493
6359
11359
14796
16186
15323
12313
7562
1725
-4387
-9915
-14074
-16266
-16167
-13774
-9416
-3702
2560
8476
13199
16050
16617
14816
10904
5443
-785
-6889
-11998
-15388
-16586
-15432
-12103
-7085
-1095
5016
10391
14280
16153
15763
13179
8774
3170
-2852
-8458
-12878
-15507
-15985
-14252
-10546
-5377
545
6404
11389
14808
16177
15296
12274
7517
1681
-4424
-9939
-14084
-16261
-16148
-13747
-9383
-3668
2590
8499
13213
16055
16612
14802
10883
5416
-815
-6919
-12025
-15408
-16595
-15429
-12087
-7056
-1057
5059
10431
14312
16171
15763
13160
8739
3123
-2903
-8505
-12913
-15524
-15981
-14227
-10504
-5325
598
6449
11420
14820
16169
15270
12234
7472
1636
-4461
-9964
-14093
-16255
-16129
-13718
-9350
-3635
2619
8522
13227
16059
16607
14788
10861
5389
-845
-6949
-12051
-15428
-16605
-15426
-12071
-7028
-1020
5100
10471
14344
16189
15763
13142
8704
3077
-2954
-8553
-12949
-15541
-15978
-14203
-10463
-5275
650
6494
11451
14832
16161
15244
12195
7425
1591
-4498
-9988
-14102
-16248
-16109
-13689
-9316
-3601
2649
8545
13241
16063
16601
14774
10840
5362
-875
-6978
-12077
-15447
-16614
-15423
-12055
-7000
-983
5141
10510
14376
16207
15764
13124
8669
3030
-3005
-8600
-12985
-15559
-15975
-14179
-10423
-5224
702
6540
11483
14845
16154
15218
12155
7379
1546
-4536
-10013
-14112
-16242
-16090
-13659
-9281
-3566
2680
8568
13255
16067
16595
14759
10818
5335
-905
-7008
-12103
-15466
-16623
-15420
-12040
-6973
-947
5182
10549
14407
16225
15764
13106
8635
2984
-3056
-8647
-13021
-15577
-15972
-14156
-10382
-5173
755
6586
11515
14858
16146
15192
12115
7332
1500
-4574
-10039
-14121
-16235
-16069
-13629
-9246
-3531
2711
8591
13269
16070
16588
14743
10795
5308
-934
-7036
-12128
-15483
-16631
-15417
-12024
-6945
-911
5222
10588
14438
16243
15765
13089
8601
2939
-3106
-8694
-13056
-15596
-15969
-14132
-10342
-5122
808
6632
11547
14871
16139
15166
12075
7285
1453
-4613
-10064
-14131
-16229
-16049
-13598
-9210
-3495
2742
8614
13282
16073
16581
14727
10773
5280
-963
-7065
-12152
-15501
-16639
-15413
-12008
-6918
-875
5262
10626
14468
16260
15766
13072
8568
2894
-3156
-8741
-13092
-15615
-15968
-14110
-10302
-5071
861
6679
11580
14885
16132
15140
12035
7238
1406
-4652
-10090
-14141
-16222
-16028
-13567
-9175
-3460
2773
8637
13295
16075
16573
14711
10749
5253
-992
-7093
-12176
-15518
-16646
-15409
-11992
-6891
-840
5301
10663
14498
16278
15767
13055
8535
2849
-3206
-8788
-13128
-15633
-15966
-14087
-10262
-5021
915
6726
11613
14899
16125
15114
11995
7190
1359
-4692
-10117
-14151
-16216
-16007
-13536
-9138
-3423
2804
8660
13308
16077
16565
14694
10726
5225
-1021
-7120
-12199
-15534
-16653
-15405
-11976
-6865
-805
5339
10701
14528
16295
15768
13038
8502
2805
-3255
-8835
-13164
-15653
-15964
-14065
-10223
-4971
967
6773
11646
14913
16119
15088
11955
7143
1311
-4732
-10143
-14161
-16209
-15985
-13504
-9101
-3387
2836
8683
13320
16078
16556
14676
10702
5197
-1051
-7148
-12222
-15550
-16660
-15400
-11960
-6838
-771
5378
10737
14558
16312
15770
13022
8470
2761
-3304
-8881
-13201
-15672
-15964
-14044
-10184
-4920
1021
6820
11680
14928
16113
15063
11915
7094
1263
-4772
-10171
-14171
-16202
-15963
-13472
-9063
-3349
2868
8706
13332
16079
16546
14658
10677
5169
-1080
-7175
-12245
-15565
-16666
-15395
-11944
-6812
-737
5415
10773
14587
16329
15771
13006
8439
2718
-3353
-8927
-13236
-15692
-15963
-14022
-10145
-4870
1074
6868
11714
14944
16107
15037
11874
7046
1215
-4813
-10198
-14182
-16195
-15941
-13439
-9025
-3312
2900
8729
13344
16080
16536
14639
10652
5141
-1109
-7202
-12266
-15580
-16671
-15390
-11928
-6786
-703
5452
10809
14616
16346
15772
12991
8407
2674
-3401
-8973
-13273
-15711
-15962
-14001
-10107
-4820
1127
6916
11749
14959
16101
15012
11834
6997
1166
-4854
-10226
-14193
-16189
-15919
-13406
-8987
-3273
2933
8753
13356
16080
16526
14620
10627
5112
-1137
-7228
-12288
-15594
-16676
-15384
-11911
-6760
-670
5489
10844
14644
16363
15773
12975
8376
2632
-3449
-9019
-13308
-15731
-15962
-13981
-10068
-4770
1180
6964
11783
14975
16096
14987
11793
6949
1117
-4896
-10254
-14204
-16182
-15897
-13372
-8947
-3235
2966
8776
13368
16080
16514
14600
10601
5083
-1167
-7254
-12309
-15607
-16680
-15378
-11895
-6734
-637
5525
10879
14672
16379
15775
12960
8346
2590
-3497
-9065
-13345
-15751
-15963
-13960
-10030
-4721
1233
7012
11818
14992
16092
14962
11753
6900
1067
-4938
-10283
-14215
-16175
-15874
-13338
-8908
-3195
2999
8800
13380
16079
16503
14579
10574
5054
-1196
-7280
-12329
-15620
-16684
-15372
-11878
-6708
-604
5561
10913
14699
16395
15776
12945
8315
2548
-3544
-9110
-13380
-15771
-15963
-13941
-9993
-4672
1287
7060
11854
15008
16087
14938
11713
6851
1018
-4981
-10311
-14226
-16168
-15852
-13304
-8868
-3156
3033
8824
13392
16078
16491
14558
10548
5024
-1224
-7306
-12349
-15633
-16687
-15365
-11861
-6682
-572
5596
10947
14727
16411
15777
12930
8286
2507
-3591
-9155
-13416
-15792
-15964
-13921
-9956
-4622
1340
7108
11890
15026
16083
14913
11673
6801
968
-5024
-10341
-14238
-16162
-15828
-13269
-8827
-3116
3067
8848
13403
16077
16478
14537
10520
4995
-1254
-7332
-12369
-15645
-16690
-15358
-11844
-6656
-540
5631
10980
14753
16427
15779
12916
8256
2466
-3637
-9200
-13452
-15812
-15965
-13902
-9919
-4574
1393
7157
11925
15043
16079
14889
11632
6752
917
-5067
-10371
-14250
-16155
-15806
-13234
-8786
-3075
3101
8872
13415
16076
16465
14515
10492
4964
-1283
-7357
-12388
-15656
-16692
-15350
-11827
-6631
-508
5665
11012
14779
16442
15779
12901
8227
2426
-3683
-9244
-13488
-15833
-15967
-13883
-9883
-4525
1446
7205
11962
15061
16076
14865
11592
6702
866
-5111
-10400
-14262
-16149
-15782
-13199
-8745
-3034
3136
8896
13426
16074
16451
14492
10464
4934
-1312
-7382
-12407
-15667
-16693
-15342
-11809
-6605
-477
5699
11044
14805
16457
15781
12887
8198
2386
-3728
-9288
-13523
-15853
-15968
-13865
-9847
-4477
1498
7254
11998
15079
16073
14842
11552
6652
815
-5155
-10431
-14275
-16142
-15759
-13163
-8703
-2992
3172
8921
13438
16072
16437
14469
10435
4903
-1341
-7407
-12426
-15677
-16694
-15333
-11792
-6580
-446
5732
11076
14830
16471
15781
12873
8170
2346
-3773
-9332
-13559
-15874
-15970
-13847
-9811
-4429
1551
7303
12035
15097
16070
14818
11512
6603
764
-5200
-10462
-14288
-16136
-15736
-13127
-8660
-2950
3208
8946
13449
16069
16423
14445
10405
4872
-1371
-7432
-12444
-15687
-16695
-15324
-11774
-6554
-415
5765
11106
14854
16485
15782
12858
8141
2307
-3818
-9376
-13594
-15895
-15972
-13830
-9776
-4381
1603
7351
12071
15116
16067
14795
11472
6553
712
-5245
-10493
-14301
-16130
-15712
-13091
-8617
-2908
3244
8971
13460
16067
16408
14421
10376
4840
-1401
-7457
-12462
-15696
-16695
-15315
-11755
-6529
-384
5798
11137
14879
16500
15783
12845
8114
2269
-3862
-9418
-13629
-15916
-15975
-13812
-9741
-4334
1656
7400
12108
15135
16065
14772
11432
6503
661
-5290
-10525
-14315
-16124
-15689
-13054
-8574
-2864
3280
8996
13472
16064
16392
14396
10345
4808
-1431
-7482
-12479
-15704
-16694
-15304
-11736
-6502
-354
5830
11167
14902
16513
15783
12831
8086
2231
-3906
-9461
-13664
-15937
-15977
-13795
-9706
-4287
1708
7449
12146
15155
16064
14750
11393
6453
609
-5336
-10557
-14329
-16119
-15665
-13018
-8531
-2821
3317
9022
13483
16061
16377
14370
10314
4776
-1460
-7506
-12496
-15712
-16692
-15294
-11718
-6477
-324
5861
11196
14925
16526
15783
12817
8059
2193
-3949
-9503
-13698
-15957
-15980
-13779
-9672
-4240
1760
7498
12183
15174
16062
14727
11353
6403
556
-5382
-10590
-14343
-16113
-15642
-12980
-8487
-2777
3355
9048
13495
16058
16361
14345
10283
4743
-1490
-7531
-12512
-15720
-16690
-15283
-11698
-6451
-294
5893
11225
14948
16539
15784
12803
8032
2156
-3991
-9545
-13732
-15978
-15983
-13763
-9639
-4194
1811
7546
12221
15194
16062
14706
11314
6353
504
-5428
-10623
-14358
-16108
-15618
-12943
-8442
-2733
3392
9074
13507
16055
16344
14318
10251
4710
-1521
-7555
-12529
-15727
-16688
-15272
-11679
-6425
-264
5923
11253
14970
16551
15784
12789
8006
2119
-4034
-9587
-13766
-15999
-15986
-13747
-9605
-4148
1863
7595
12259
15215
16061
14684
11275
6303
451
-5475
-10656
-14373
-16103
-15595
-12906
-8397
-2688
3431
9100
13518
16051
16327
14291
10218
4676
-1552
-7579
-12545
-15733
-16685
-15259
-11659
-6399
-234
5954
11281
14991
16563
15783
12776
7979
2083
-4075
-9628
-13800
-16020
-15990
-13731
-9573
-4103
1914
7644
12297
15236
16061
14663
11236
6253
399
-5521
-10690
-14388
-16098
-15571
-12868
-8352
-2642
3470
9127
13530
16048
16310
14264
10185
4642
-1582
-7604
-12561
-15740
-16681
-15247
-11639
-6373
-204
5984
11308
15012
16574
15783
12762
7953
2047
-4116
-9668
-13834
-16040
-15993
-13716
-9540
-4058
1965
7692
12334
15256
16061
14642
11198
6203
346
-5569
-10724
-14404
-16093
-15548
-12830
-8307
-2596
3509
9154
13542
16044
16292
14236
10152
4608
-1613
-7628
-12576
-15745
-16677
-15233
-11618
-6347
-175
6014
11335
15033
16585
15782
12748
7927
2011
-4157
-9708
-13867
-16061
-15997
-13701
-9508
-4013
2015
7740
12372
15277
16061
14621
11159
6154
293
-5616
-10758
-14420
-16089
-15525
-12793
-8261
-2550
3548
9182
13555
16040
16275
14208
10118
4573
-1645
-7653
-12591
-15751
-16672
-15220
-11597
-6320
-146
6043
11361
15052
16596
15781
12735
7901
1976
-4197
-9748
-13900
-16081
-16001
-13687
-9477
-3969
2066
7789
12411
15299
16062
14601
11122
6104
240
-5664
-10793
-14436
-16085
-15501
-12755
-8215
-2504
3588
9209
13566
16036
16256
14179
10083
4538
-1676
-7677
-12606
-15755
-16667
-15206
-11575
-6294
-117
6072
11387
15071
16606
15779
12721
7876
1941
-4237
-9787
-13932
-16101
-16004
-13672
-9445
-3924
2116
7837
12449
15321
16064
14582
11084
6054
186
-5712
-10828
-14453
-16081
-15478
-12717
-8168
-2456
3629
9238
13579
16032
16238
14149
10048
4502
-1709
-7702
-12621
-15760
-16661
-15191
-11553
-6267
-87
6101
11412
15090
16615
15778
12707
7850
1907
-4277
-9826
-13965
-16121
-16009
-13658
-9415
-3881
2166
7885
12487
15343
16065
14562
11046
6005
133
-5761
-10864
-14471
-16078
-15455
-12679
-8122
-2409
3670
9266
13592
16028
16219
14120
10012
4465
-1741
-7726
-12636
-15764
-16655
-15175
-11531
-6240
-58
6129
11437
15108
16624
15775
12693
7825
1873
-4315
-9864
-13996
-16141
-16012
-13644
-9384
-3838
2215
7933
12525
15365
16067
14543
11009
5956
80
-5809
-10900
-14488
-16075
-15432
-12640
-8075
-2361
3711
9295
13605
16024
16200
14089
9976
4429
-1773
-7751
-12650
-15767
-16648
-15159
-11508
-6212
-29
6157
11461
15126
16633
15773
12679
7800
1839
-4354
-9902
-14028
-16161
-16016
-13631
-9354
-3795
2264
7980
12564
15387
16069
14524
10972
5907
27
-5858
-10936
-14506
-16072
-15410
-12602
-8028
-2313
3753
9325
13618
16020
16181
14059
9939
4391
-1806
-7776
-12665
-15770
-16641
-15143
-11485
-6185
0
6185
11485
15143
16641
15770
12665
7776
1806
-4391
-9939
-14059
-16181
-16020
-13618
-9325
-3753
2313
8028
12602
15410
16072
14506
10936
5858
-27
-5907
-10972
-14524
-16069
-15387
-12564
-7980
-2264
3795
9354
13631
16016
16161
14028
9902
4354
-1839
-7800
-12679
-15773
-16633
-15126
-11461
-6157
29
6212
11508
15159
16648
15767
12650
7751
1773
-4429
-9976
-14089
-16200
-16024
-13605
-9295
-3711
2361
8075
12640
15432
16075
14488
10900
5809
-80
-5956
-11009
-14543
-16067
-15365
-12525
-7933
-2215
3838
9384
13644
16012
16141
13996
9864
4315
-1873
-7825
-12693
-15775
-16624
-15108
-11437
-6129
58
6240
11531
15175
16655
15764
12636
7726
1741
-4465
-10012
-14120
-16219
-16028
-13592
-9266
-3670
2409
8122
12679
15455
16078
14471
10864
5761
-133
-6005
-11046
-14562
-16065
-15343
-12487
-7885
-2166
3881
9415
13658
16009
16121
13965
9826
4277
-1907
-7850
-12707
-15778
-16615
-15090
-11412
-6101
87
6267
11553
15191
16661
15760
12621
7702
1709
-4502
-10048
-14149
-16238
-16032
-13579
-9238
-3629
2456
8168
12717
15478
16081
14453
10828
5712
-186
-6054
-11084
-14582
-16064
-15321
-12449
-7837
-2116
3924
9445
13672
16004
16101
13932
9787
4237
-1941
-7876
-12721
-15779
-16606
-15071
-11387
-6072
117
6294
11575
15206
16667
15755
12606
7677
1676
-4538
-10083
-14179
-16256
-16036
-13566
-9209
-3588
2504
8215
12755
15501
16085
14436
10793
5664
-240
-6104
-11122
-14601
-16062
-15299
-12411
-7789
-2066
3969
9477
13687
16001
16081
13900
9748
4197
-1976
-7901
-12735
-15781
-16596
-15052
-11361
-6043
146
6320
11597
15220
16672
15751
12591
7653
1645
-4573
-10118
-14208
-16275
-16040
-13555
-9182
-3548
2550
8261
12793
15525
16089
14420
10758
5616
-293
-6154
-11159
-14621
-16061
-15277
-12372
-7740
-2015
4013
9508
13701
15997
16061
13867
9708
4157
-2011
-7927
-12748
-15782
-16585
-15033
-11335
-6014
175
6347
11618
15233
16677
15745
12576
7628
1613
-4608
-10152
-14236
-16292
-16044
-13542
-9154
-3509
2596
8307
12830
15548
16093
14404
10724
5569
-346
-6203
-11198
-14642
-16061
-15256
-12334
-7692
-1965
4058
9540
13716
15993
16040
13834
9668
4116
-2047
-7953
-12762
-15783
-16574
-15012
-11308
-5984
204
6373
11639
15247
16681
15740
12561
7604
1582
-4642
-10185
-14264
-16310
-16048
-13530
-9127
-3470
2642
8352
12868
15571
16098
14388
10690
5521
-399
-6253
-11236
-14663
-16061
-15236
-12297
-7644
-1914
4103
9573
13731
15990
16020
13800
9628
4075
-2083
-7979
-12776
-15783
-16563
-14991
-11281
-5954
234
6399
11659
15259
16685
15733
12545
7579
1552
-4676
-10218
-14291
-16327
-16051
-13518
-9100
-3431
2688
8397
12906
15595
16103
14373
10656
5475
-451
-6303
-11275
-14684
-16061
-15215
-12259
-7595
-1863
4148
9605
13747
15986
15999
13766
9587
4034
-2119
-8006
-12789
-15784
-16551
-14970
-11253
-5923
264
6425
11679
15272
16688
15727
12529
7555
1521
-4710
-10251
-14318
-16344
-16055
-13507
-9074
-3392
2733
8442
12943
15618
16108
14358
10623
5428
-504
-6353
-11314
-14706
-16062
-15194
-12221
-7546
-1811
4194
9639
13763
15983
15978
13732
9545
3991
-2156
-8032
-12803
-15784
-16539
-14948
-11225
-5893
294
6451
11698
15283
16690
15720
12512
7531
1490
-4743
-10283
-14345
-16361
-16058
-13495
-9048
-3355
2777
8487
12980
15642
16113
14343
10590
5382
-556
-6403
-11353
-14727
-16062
-15174
-12183
-7498
-1760
4240
9672
13779
15980
15957
13698
9503
3949
-2193
-8059
-12817
-15783
-16526
-14925
-11196
-5861
324
6477
11718
15294
16692
15712
12496
7506
1460
-4776
-10314
-14370
-16377
-16061
-13483
-9022
-3317
2821
8531
13018
15665
16119
14329
10557
5336
-609
-6453
-11393
-14750
-16064
-15155
-12146
-7449
-1708
4287
9706
13795
15977
15937
13664
9461
3906
-2231
-8086
-12831
-15783
-16513
-14902
-11167
-5830
354
6502
11736
15304
16694
15704
12479
7482
1431
-4808
-10345
-14396
-16392
-16064
-13472
-8996
-3280
2864
8574
13054
15689
16124
14315
10525
5290
-661
-6503
-11432
-14772
-16065
-15135
-12108
-7400
-1656
4334
9741
13812
15975
15916
13629
9418
3862
-2269
-8114
-12845
-15783
-16500
-14879
-11137
-5798
384
6529
11755
15315
16695
15696
12462
7457
1401
-4840
-10376
-14421
-16408
-16067
-13460
-8971
-3244
2908
8617
13091
15712
16130
14301
10493
5245
-712
-6553
-11472
-14795
-16067
-15116
-12071
-7351
-1603
4381
9776
13830
15972
15895
13594
9376
3818
-2307
-8141
-12858
-15782
-16485
-14854
-11106
-5765
415
6554
11774
15324
16695
15687
12444
7432
1371
-4872
-10405
-14445
-16423
-16069
-13449
-8946
-3208
2950
8660
13127
15736
16136
14288
10462
5200
-764
-6603
-11512
-14818
-16070
-15097
-12035
-7303
-1551
4429
9811
13847
15970
15874
13559
9332
3773
-2346
-8170
-12873
-15781
-16471
-14830
-11076
-5732
446
6580
11792
15333
16694
15677
12426
7407
1341
-4903
-10435
-14469
-16437
-16072
-13438
-8921
-3172
2992
8703
13163
15759
16142
14275
10431
5155
-815
-6652
-11552
-14842
-16073
-15079
-11998
-7254
-1498
4477
9847
13865
15968
15853
13523
9288
3728
-2386
-8198
-12887
-15781
-16457
-14805
-11044
-5699
477
6605
11809
15342
16693
15667
12407
7382
1312
-4934
-10464
-14492
-16451
-16074
-13426
-8896
-3136
3034
8745
13199
15782
16149
14262
10400
5111
-866
-6702
-11592
-14865
-16076
-15061
-11962
-7205
-1446
4525
9883
13883
15967
15833
13488
9244
3683
-2426
-8227
-12901
-15779
-16442
-14779
-11012
-5665
508
6631
11827
15350
16692
15656
12388
7357
1283
-4964
-10492
-14515
-16465
-16076
-13415
-8872
-3101
3075
8786
13234
15806
16155
14250
10371
5067
-917
-6752
-11632
-14889
-16079
-15043
-11925
-7157
-1393
4574
9919
13902
15965
15812
13452
9200
3637
-2466
-8256
-12916
-15779
-16427
-14753
-10980
-5631
540
6656
11844
15358
16690
15645
12369
7332
1254
-4995
-10520
-14537
-16478
-16077
-13403
-8848
-3067
3116
8827
13269
15828
16162
14238
10341
5024
-968
-6801
-11673
-14913
-16083
-15026
-11890
-7108
-1340
4622
9956
13921
15964
15792
13416
9155
3591
-2507
-8286
-12930
-15777
-16411
-14727
-10947
-5596
572
6682
11861
15365
16687
15633
12349
7306
1224
-5024
-10548
-14558
-16491
-16078
-13392
-8824
-3033
3156
8868
13304
15852
16168
14226
10311
4981
-1018
-6851
-11713
-14938
-16087
-15008
-11854
-7060
-1287
4672
9993
13941
15963
15771
13380
9110
3544
-2548
-8315
-12945
-15776
-16395
-14699
-10913
-5561
604
6708
11878
15372
16684
15620
12329
7280
1196
-5054
-10574
-14579
-16503
-16079
-13380
-8800
-2999
3195
8908
13338
15874
16175
14215
10283
4938
-1067
-6900
-11753
-14962
-16092
-14992
-11818
-7012
-1233
4721
10030
13960
15963
15751
13345
9065
3497
-2590
-8346
-12960
-15775
-16379
-14672
-10879
-5525
637
6734
11895
15378
16680
15607
12309
7254
1167
-5083
-10601
-14600
-16514
-16080
-13368
-8776
-2966
3235
8947
13372
15897
16182
14204
10254
4896
-1117
-6949
-11793
-14987
-16096
-14975
-11783
-6964
-1180
4770
10068
13981
15962
15731
13308
9019
3449
-2632
-8376
-12975
-15773
-16363
-14644
-10844
-5489
670
6760
11911
15384
16676
15594
12288
7228
1137
-5112
-10627
-14620
-16526
-16080
-13356
-8753
-2933
3273
8987
13406
15919
16189
14193
10226
4854
-1166
-6997
-11834
-15012
-16101
-14959
-11749
-6916
-1127
4820
10107
14001
15962
15711
13273
8973
3401
-2674
-8407
-12991
-15772
-16346
-14616
-10809
-5452
703
6786
11928
15390
16671
15580
12266
7202
1109
-5141
-10652
-14639
-16536
-16080
-13344
-8729
-2900
3312
9025
13439
15941
16195
14182
10198
4813
-1215
-7046
-11874
-15037
-16107
-14944
-11714
-6868
-1074
4870
10145
14022
15963
15692
13236
8927
3353
-2718
-8439
-13006
-15771
-16329
-14587
-10773
-5415
737
6812
11944
15395
16666
15565
12245
7175
1080
-5169
-10677
-14658
-16546
-16079
-13332
-8706
-2868
3349
9063
13472
15963
16202
14171
10171
4772
-1263
-7094
-11915
-15063
-16113
-14928
-11680
-6820
-1021
4920
10184
14044
15964
15672
13201
8881
3304
-2761
-8470
-13022
-15770
-16312
-14558
-10737
-5378
771
6838
11960
15400
16660
15550
12222
7148
1051
-5197
-10702
-14676
-16556
-16078
-13320
-8683
-2836
3387
9101
13504
15985
16209
14161
10143
4732
-1311
-7143
-11955
-15088
-16119
-14913
-11646
-6773
-967
4971
10223
14065
15964
15653
13164
8835
3255
-2805
-8502
-13038
-15768
-16295
-14528
-10701
-5339
805
6865
11976
15405
16653
15534
12199
7120
1021
-5225
-10726
-14694
-16565
-16077
-13308
-8660
-2804
3423
9138
13536
16007
16216
14151
10117
4692
-1359
-7190
-11995
-15114
-16125
-14899
-11613
-6726
-915
5021
10262
14087
15966
15633
13128
8788
3206
-2849
-8535
-13055
-15767
-16278
-14498
-10663
-5301
840
6891
11992
15409
16646
15518
12176
7093
992
-5253
-10749
-14711
-16573
-16075
-13295
-8637
-2773
3460
9175
13567
16028
16222
14141
10090
4652
-1406
-7238
-12035
-15140
-16132
-14885
-11580
-6679
-861
5071
10302
14110
15968
15615
13092
8741
3156
-2894
-8568
-13072
-15766
-16260
-14468
-10626
-5262
875
6918
12008
15413
16639
15501
12152
7065
963
-5280
-10773
-14727
-16581
-16073
-13282
-8614
-2742
3495
9210
13598
16049
16229
14131
10064
4613
-1453
-7285
-12075
-15166
-16139
-14871
-11547
-6632
-808
5122
10342
14132
15969
15596
13056
8694
3106
-2939
-8601
-13089
-15765
-16243
-14438
-10588
-5222
911
6945
12024
15417
16631
15483
12128
7036
934
-5308
-10795
-14743
-16588
-16070
-13269
-8591
-2711
3531
9246
13629
16069
16235
14121
10039
4574
-1500
-7332
-12115
-15192
-16146
-14858
-11515
-6586
-755
5173
10382
14156
15972
15577
13021
8647
3056
-2984
-8635
-13106
-15764
-16225
-14407
-10549
-5182
947
6973
12040
15420
16623
15466
12103
7008
905
-5335
-10818
-14759
-16595
-16067
-13255
-8568
-2680
3566
9281
13659
16090
16242
14112
10013
4536
-1546
-7379
-12155
-15218
-16154
-14845
-11483
-6540
-702
5224
10423
14179
15975
15559
12985
8600
3005
-3030
-8669
-13124
-15764
-16207
-14376
-10510
-5141
983
7000
12055
15423
16614
15447
12077
6978
875
-5362
-10840
-14774
-16601
-16063
-13241
-8545
-2649
3601
9316
13689
16109
16248
14102
9988
4498
-1591
-7425
-12195
-15244
-16161
-14832
-11451
-6494
-650
5275
10463
14203
15978
15541
12949
8553
2954
-3077
-8704
-13142
-15763
-16189
-14344
-10471
-5100
1020
7028
12071
15426
16605
15428
12051
6949
845
-5389
-10861
-14788
-16607
-16059
-13227
-8522
-2619
3635
9350
13718
16129
16255
14093
9964
4461
-1636
-7472
-12234
-15270
-16169
-14820
-11420
-6449
-598
5325
10504
14227
15981
15524
12913
8505
2903
-3123
-8739
-13160
-15763
-16171
-14312
-10431
-5059
1057
7056
12087
15429
16595
15408
12025
6919
815
-5416
-10883
-14802
-16612
-16055
-13213
-8499
-2590
3668
9383
13747
16148
16261
14084
9939
4424
-1681
-7517
-12274
-15296
-16177
-14808
-11389
-6404
-545
5377
10546
14252
15985
15507
12878
8458
2852
-3170
-8774
-13179
-15763
-16153
-14280
-10391
-5016
1095
7085
12103
15432
16586
15388
11998
6889
785
-5443
-10904
-14816
-16617
-16050
-13199
-8476
-2560
3702
9416
13774
16167
16266
14074
9915
4387
-1725
-7562
-12313
-15323
-16186
-14796
-11359
-6359
-493
5428
10587
14277
15989
15489
12843
8411
2800
-3218
-8810
-13198
-15763
-16135
-14248
-10350
-4974
1133
7113
12119
15434
16575
15367
11970
6858
755
-5470
-10925
-14829
-16620
-16044
-13184
-8452
-2530
3735
9448
13802
16185
16272
14065
9891
4351
-1769
-7607
-12351
-15349
-16194
-14785
-11329
-6314
-441
5479
10628
14302
15994
15473
12808
8363
2748
-3266
-8846
-13217
-15763
-16117
-14215
-10309
-4931
1172
7142
12135
15436
16564
15346
11942
6827
724
-5496
-10945
-14841
-16624
-16038
-13168
-8429
-2501
3767
9481
13829
16203
16278
14056
9868
4315
-1812
-7652
-12390
-15375
-16203
-14774
-11299
-6270
-389
5529
10670
14327
15999
15456
12773
8316
2696
-3314
-8883
-13237
-15763
-16099
-14183
-10267
-4887
1211
7171
12151
15438
16553
15324
11913
6795
694
-5523
-10966
-14853
-16627
-16031
-13153
-8406
-2472
3799
9512
13856
16221
16283
14047
9845
4280
-1854
-7695
-12428
-15401
-16212
-14763
-11270
-6226
-338
5580
10712
14353
16004
15440
12739
8269
2644
-3362
-8920
-13257
-15764
-16081
-14150
-10225
-4843
1250
7201
12167
15440
16541
15302
11884
6764
663
-5549
-10985
-14864
-16629
-16024
-13137
-8382
-2443
3831
9542
13881
16238
16288
14038
9821
4245
-1897
-7739
-12466
-15427
-16221
-14753
-11241
-6183
-286
5631
10754
14379
16010
15425
12704
8221
2592
-3411
-8957
-13277
-15765
-16063
-14117
-10183
-4799
1290
7231
12184
15441
16529
15279
11854
6731
631
-5576
-11005
-14875
-16630
-16016
-13120
-8358
-2413
3862
9573
13907
16254
16292
14029
9798
4211
-1939
-7782
-12504
-15453
-16230
-14743
-11212
-6140
-236
5682
10796
14405
16016
15409
12670
8174
2539
-3460
-8995
-13298
-15766
-16045
-14084
-10140
-4754
1330
7261
12201
15443
16517
15256
11824
6698
600
-5603
-11024
-14886
-16631
-16008
-13104
-8334
-2385
3893
9603
13932
16271
16297
14020
9776
4176
-1980
-7825
-12542
-15479
-16239
-14733
-11184
-6097
-185
5732
10838
14432
16022
15394
12636
8127
2486
-3509
-9034
-13320
-15768
-16028
-14051
-10098
-4709
1371
7292
12217
15444
16505
15232
11793
6664
568
-5630
-11044
-14896
-16632
-15999
-13086
-8310
-2356
3924
9632
13956
16287
16301
14011
9753
4143
-2021
-7867
-12579
-15504
-16249
-14724
-11157
-6055
-134
5783
10880
14458
16029
15380
12602
8080
2434
-3559
-9072
-13341
-15769
-16010
-14017
-10054
-4662
1413
7323
12234
15446
16492
15208
11762
6631
536
-5656
-11062
-14906
-16632
-15990
-13069
-8286
-2327
3955
9661
13980
16302
16305
14002
9731
4110
-2061
-7909
-12615
-15530
-16258
-14714
-11129
-6013
-84
5833
10923
14486
16036
15365
12569
8033
2381
-3609
-9111
-13363
-15771
-15992
-13984
-10011
-4616
1454
7354
12251
15448
16479
15184
11730
6596
504
-5683
-11081
-14915
-16632
-15980
-13051
-8262
-2298
3985
9689
14003
16316
16308
13992
9709
4076
-2101
-7950
-12652
-15555
-16268
-14706
-11102
-5972
-35
5884
10965
14513
16044
15352
12536
7986
2328
-3659
-9150
-13385
-15774
-15975
-13950
-9967
-4570
1497
7386
12269
15449
16466
15159
11698
6562
471
-5710
-11100
-14924
-16630
-15970
-13032
-8237
-2270
4014
9717
14026
16330
16311
13983
9687
4044
-2141
-7991
-12688
-15581
-16277
-14697
-11076
-5931
15
5933
11007
14540
16051
15338
12503
7939
2275
-3709
-9190
-13408
-15776
-15958
-13916
-9923
-4523
1539
7418
12286
15450
16452
15133
11665
6526
438
-5737
-11118
-14932
-16629
-15958
-13013
-8212
-2241
4044
9745
14048
16344
16314
13973
9665
4012
-2179
-8032
-12724
-15606
-16287
-14689
-11050
-5890
64
5983
11050
14568
16059
15325
12470
7893
2222
-3760
-9230
-13431
-15779
-15940
-13882
-9879
-4475
1582
7451
12304
15452
16438
15107
11631
6490
404
-5765
-11136
-14940
-16626
-15947
-12993
-8186
-2212
4074
9772
14070
16358
16317
13963
9643
3980
-2218
-8072
-12759
-15630
-16296
-14680
-11024
-5850
113
6033
11092
14596
16068
15312
12438
7846
2169
-3811
-9270
-13455
-15782
-15923
-13849
-9834
-4427
1626
7483
12322
15453
16424
15080
11597
6454
370
-5792
-11155
-14948
-16624
-15935
-12974
-8161
-2183
4103
9798
14090
16370
16319
13953
9622
3948
-2256
-8111
-12794
-15655
-16306
-14672
-10998
-5810
161
6082
11134
14624
16076
15299
12406
7800
2116
-3862
-9311
-13479
-15786
-15907
-13815
-9789
-4379
1670
7517
12340
15455
16409
15054
11563
6417
336
-5819
-11173
-14956
-16621
-15922
-12953
-8135
-2155
4132
9825
14111
16382
16320
13943
9600
3917
-2294
-8150
-12828
-15679
-16315
-14664
-10973
-5771
209
6132
11177
14652
16085
15287
12375
7754
2063
-3913
-9352
-13503
-15790
-15890
-13781
-9744
-4331
1714
7550
12358
15456
16395
15027
11528
6379
301
-5847
-11191
-14963
-16617
-15909
-12932
-8109
-2126
4160
9850
14131
16394
16322
13933
9579
3886
-2331
-8188
-12862
-15703
-16325
-14657
-10948
-5732
257
6181
11219
14681
16095
15276
12344
7708
2011
-3964
-9393
-13528
-15794
-15874
-13748
-9699
-4282
1759
7585
12377
15458
16381
14999
11493
6342
267
-5875
-11209
-14969
-16612
-15895
-12911
-8082
-2097
4189
9875
14150
16405
16322
13923
9557
3855
-2367
-8226
-12896
-15727
-16334
-14649
-10924
-5693
304
6229
11261
14709
16104
15264
12313
7663
1958
-4015
-9434
-13552
-15799
-15858
-13714
-9654
-4233
1804
7619
12396
15459
16366
14971
11457
6303
231
-5903
-11227
-14976
-16608
-15880
-12889
-8055
-2068
4217
9900
14169
16415
16323
13912
9536
3824
-2404
-8263
-12929
-15751
-16344
-14642
-10900
-5655
351
6277
11303
14738
16114
15253
12282
7618
1905
-4067
-9477
-13578
-15804
-15842
-13680
-9609
-4183
1850
7654
12416
15461
16351
14943
11420
6264
195
-5931
-11245
-14982
-16603
-15866
-12866
-8028
-2039
4245
9925
14187
16425
16323
13901
9514
3794
-2439
-8300
-12962
-15774
-16353
-14635
-10876
-5618
397
6325
11345
14766
16124
15242
12252
7572
1852
-4119
-9519
-13604
-15809
-15826
-13647
-9563
-4133
1896
7689
12435
15463
16336
14915
11383
6225
159
-5960
-11262
-14988
-16597
-15850
-12843
-8000
-2009
4273
9949
14205
16435
16322
13890
9493
3764
-2475
-8336
-12994
-15797
-16363
-14628
-10853
-5581
443
6373
11387
14795
16135
15232
12222
7528
1800
-4170
-9561
-13630
-15815
-15811
-13613
-9518
-4083
1943
7725
12455
15465
16321
14886
11346
6185
123
-5988
-11280
-14994
-16591
-15834
-12820
-7972
-1980
4301
9973
14222
16443
16321
13879
9471
3735
-2510
-8372
-13026
-15819
-16372
-14621
-10830
-5544
488
6420
11428
14824
16145
15222
12193
7484
1748
-4222
-9603
-13656
-15820
-15796
-13580
-9472
-4032
1990
7761
12476
15468
16306
14857
11308
6145
85
-6018
-11298
-14999
-16585
-15817
-12796
-7944
-1951
4329
9996
14239
16452
16319
13867
9450
3705
-2544
-8408
-13057
-15841
-16381
-14614
-10807
-5507
534
6468
11470
14852
16156
15213
12164
7439
1695
-4274
-9646
-13683
-15827
-15781
-13547
-9426
-3982
2037
7798
12496
15470
16290
14827
11270
6104
48
-6047
-11316
-15004
-16577
-15800
-12771
-7915
-1921
4357
10019
14256
16460
16318
13855
9428
3676
-2578
-8442
-13087
-15863
-16389
-14608
-10785
-5472
578
6514
11511
14881
16167
15203
12135
7395
1643
-4326
-9689
-13710
-15834
-15767
-13514
-9380
-3931
2085
7835
12518
15473
16275
14798
11231
6062
10
-6077
-11334
-15010
-16570
-15782
-12746
-7886
-1891
4384
10042
14271
16467
16315
13843
9407
3647
-2612
-8476
-13117
-15884
-16398
-14601
-10762
-5436
622
6561
11552
14910
16178
15195
12107
7352
1591
-4377
-9732
-13737
-15841
-15753
-13481
-9334
-3880
2133
7873
12539
15475
16260
14768
11192
6021
-29
-6107
-11352
-15014
-16563
-15764
-12720
-7857
-1861
4412
10064
14286
16473
16312
13830
9385
3618
-2645
-8510
-13147
-15905
-16406
-14594
-10741
-5401
666
6606
11593
14938
16190
15186
12079
7309
1540
-4429
-9776
-13765
-15848
-15739
-13448
-9288
-3828
2182
7910
12561
15478
16245
14738
11153
5978
-67
-6137
-11370
-15019
-16554
-15745
-12694
-7826
-1831
4439
10086
14301
16479
16308
13816
9363
3589
-2678
-8544
-13176
-15926
-16415
-14588
-10719
-5366
709
6652
11633
14967
16201
15178
12052
7266
1488
-4481
-9819
-13793
-15856
-15725
-13416
-9243
-3777
2230
7949
12583
15482
16230
14708
11113
5935
-107
-6167
-11388
-15023
-16546
-15726
-12667
-7796
-1800
4467
10108
14315
16484
16304
13803
9341
3560
-2710
-8576
-13205
-15946
-16422
-14581
-10697
-5332
752
6697
11674
14996
16213
15170
12025
7224
1437
-4533
-9863
-13821
-15864
-15712
-13383
-9197
-3725
2279
7987
12605
15485
16215
14677
11073
5892
-147
-6198
-11407
-15028
-16537
-15706
-12640
-7765
-1769
4494
10130
14329
16489
16300
13789
9319
3532
-2742
-8608
-13233
-15966
-16430
-14575
-10676
-5298
794
6742
11714
15025
16225
15162
11998
7181
1386
-4585
-9907
-13850
-15873
-15699
-13352
-9151
-3674
2329
8026
12628
15489
16199
14647
11032
5848
-187
-6230
-11425
-15033
-16528
-15686
-12612
-7734
-1738
4522
10151
14342
16493
16295
13775
9297
3503
-2774
-8640
-13261
-15985
-16438
-14568
-10655
-5264
836
6786
11754
15053
16237
15155
11972
7140
1335
-4636
-9951
-13879
-15882
-15687
-13320
-9105
-3621
2378
8066
12652
15493
16184
14616
10991
5804
-228
-6261
-11444
-15037
-16518
-15665
-12584
-7701
-1706
4550
10172
14355
16497
16289
13760
9274
3475
-2806
-8671
-13287
-16004
-16445
-14561
-10634
-5231
877
6830
11793
15082
16249
15148
11946
7099
1285
-4687
-9995
-13908
-15891
-15675
-13288
-9060
-3569
2428
8106
12675
15497
16169
14585
10950
5760
-269
-6293
-11463
-15041
-16508
-15644
-12555
-7669
-1675
4577
10193
14368
16500
16283
13745
9252
3447
-2837
-8702
-13314
-16022
-16452
-14555
-10614
-5199
918
6873
11832
15110
16261
15141
11920
7058
1235
-4739
-10039
-13937
-15901
-15663
-13257
-9014
-3517
2479
8146
12699
15502
16154
14554
10909
5715
-311
-6325
-11482
-15045
-16498
-15622
-12525
-7636
-1643
4605
10214
14380
16503
16276
13730
9229
3419
-2868
-8732
-13339
-16040
-16458
-14548
-10593
-5166
959
6916
11871
15138
16274
15135
11895
7017
1185
-4790
-10083
-13967
-15911
-15651
-13226
-8969
-3465
2529
8187
12724
15507
16140
14523
10867
5669
-353
-6358
-11501
-15049
-16488
-15600
-12495
-7603
-1610
4633
10234
14391
16505
16269
13714
9205
3390
-2899
-8762
-13365
-16057
-16464
-14541
-10573
-5134
999
6958
11909
15166
16286
15129
11870
6977
1135
-4841
-10127
-13997
-15921
-15640
-13195
-8923
-3412
2580
8227
12748
15512
16125
14492
10825
5623
-395
-6391
-11520
-15053
-16477
-15577
-12465
-7569
-1577
4660
10255
14402
16506
16261
13697
9182
3362
-2929
-8791
-13390
-16074
-16470
-14534
-10553
-5102
1038
7000
11947
15194
16298
15123
11846
6937
1086
-4892
-10171
-14027
-15932
-15629
-13164
-8878
-3360
2631
8269
12773
15517
16111
14460
10782
5577
-438
-6425
-11540
-15057
-16466
-15554
-12434
-7535
-1544
4688
10275
14413
16507
16252
13680
9158
3334
-2959
-8820
-13414
-16090
-16476
-14527
-10533
-5071
1077
7041
11985
15221
16311
15117
11822
6898
1038
-4942
-10215
-14057
-15943
-15619
-13134
-8833
-3308
2682
8310
12799
15523
16096
14429
10740
5530
-482
-6458
-11560
-15061
-16455
-15530
-12402
-7500
-1511
4717
10295
14424
16508
16243
13663
9135
3306
-2989
-8848
-13438
-16106
-16481
-14519
-10513
-5040
1116
7082
12022
15249
16323
15111
11798
6859
989
-4993
-10259
-14087
-15954
-15609
-13104
-8788
-3255
2734
8352
12825
15529
16082
14398
10697
5483
-526
-6493
-11580
-15065
-16444
-15507
-12370
-7464
-1477
4745
10315
14434
16508
16233
13645
9110
3277
-3018
-8876
-13461
-16121
-16485
-14512
-10493
-5009
1154
7123
12059
15276
16336
15106
11775
6820
941
-5043
-10304
-14118
-15966
-15599
-13075
-8744
-3203
2785
8395
12851
15535
16068
14366
10654
5435
-570
-6528
-11600
-15069
-16432
-15482
-12337
-7428
-1443
4774
10335
14444
16507
16223
13626
9086
3249
-3048
-8904
-13484
-16136
-16490
-14504
-10473
-4979
1191
7163
12095
15303
16348
15101
11752
6782
893
-5093
-10348
-14149
-15978
-15590
-13046
-8699
-3150
2837
8437
12878
15542
16055
14335
10610
5387
-615
-6563
-11621
-15073
-16421
-15458
-12304
-7392
-1408
4802
10355
14453
16506
16212
13608
9061
3221
-3077
-8931
-13505
-16150
-16493
