1651 2 275c 1 1 0
0
0
0
0
0
0
0
0
0
0
0
0
0
0
0
0
0
0
0
-2
-4
-6
-8
-6
-3
3
8
13
15
14
11
2
-8
-17
-29
-33
-30
-26
-9
12
31
55
63
61
46
12
-24
-64
-97
-108
-101
-71
-17
46
109
163
183
167
116
30
-79
-182
-259
-285
-254
-165
-24
141
294
395
428
370
220
4
-234
-449
-591
-618
-511
-282
34
375
672
850
860
689
343
-116
-596
-989
-1209
-1181
-895
-388
263
909
1435
1686
1599
1149
399
-509
-1396
-2064
-2349
-2136
-1438
-341
951
2168
3028
3317
2891
1772
114
-1793
-3536
-4715
-4970
-4095
-2055
938
4477
7982
10840
12474
12446
10584
7014
2150
-3355
-8653
-12924
-15439
-15718
-13639
-9422
-3658
2817
9014
13966
16896
17319
15149
10675
4566
-2249
-8748
-13950
-17078
-17684
-15673
-11378
-5448
1231
7663
12928
16276
17251
15758
12043
6667
427
-5802
-11137
-14863
-16474
-15789
-12918
-8297
-2573
3469
9005
13272
15708
15978
14052
10178
4907
-1055
-6891
-11783
-15061
-16259
-15190
-11981
-7085
-1168
4969
10412
14414
16401
16051
13428
8900
3079
-3175
-8994
-13521
-16129
-16450
-14428
-10363
-4835
1353
7324
12238
15402
16394
15074
11643
6607
671
-5323
-10562
-14296
-16039
-15551
-12912
-8486
-2902
3096
8648
13012
15578
15991
14183
10385
5140
-848
-6738
-11736
-15100
-16361
-15334
-12131
-7203
-1239
4946
10454
14497
16488
16488
16142
13502
8938
3073
-3219
-9062
-13611
-16209
-16501
-14452
-10356
-4801
1415
7390
12301
15458
16417
15076
11617
6561
615
-5386
-10605
-14337
-16046
-15536
-12881
-8441
-2833
3144
8697
13040
15584
15981
14144
10356
5097
-883
-6780
-11752
-15107
-16352
-15306
-12099
-7169
-1192
4977
10478
14510
16490
16140
13490
8893
3037
-3267
-9112
-13646
-16236
-16506
-14433
-10310
-4738
1483
7460
12348
15477
16400
15017
11542
6465
529
-5455
-10625
-14301
-15986
-15434
-12754
-8335
-2774
3151
8633
12919
15440
15833
14038
10296
5134
-769
-6601
-11549
-14925
-16235
-15298
-12206
-7376
-1480
4695
10243
14399
16545
16352
13828
9313
3443
-2968
-8990
-13747
-16555
-16999
-14997
-10843
-5124
1328
7563
12695
15977
16931
15435
11732
6382
188
-5917
-10998
-14320
-15375
-13999
-10406
-5150
1011
7126
12274
15664
16796
15456
11826
6425
40
-6396
-11939
-15775
-17327
-16347
-13004
-7757
-1385
5200
11032
15262
17266
16784
13879
8989
2814
-3726
-9690
-14235
-16715
-16790
-14480
-10132
-4395
1921
7912
12726
15715
16468
14922
11316
6163
202
-5744
-10844
-14417
-15993
-15340
-12583
-8113
-2539
3369
8814
13043
15482
15797
13935
10123
4916
-1024
-6840
-11735
-15027
-16231
-15165
-11970
-7060
-1124
5014
10482
14477
16444
16087
13424
8844
2994
-3304
-9130
-13664
-16255
-16509
-14428
-10294
-4706
1537
7533
12432
15558
16463
15065
11549
6436
442
-5569
-10784
-14456
-16112
-15524
-12774
-8265
-2621
3357
8882
13165
15630
15932
14028
10176
4892
-1086
-6943
-11855
-15134
-16301
-16301
-15198
-11948
-6999
-1036
5095
10543
14535
16471
16071
13387
8788
2928
-3366
-9188
-13699
-16258
-16499
-14405
-10254
-4650
1586
7572
12468
15572
16475
15047
11508
6378
381
-5630
-10824
-14484
-16118
-15495
-12726
-8212
-2575
3409
8908
13171
15610
15893
13978
10122
4846
-1109
-6934
-11837
-15100
-16266
-15156
-11925
-7002
-1055
5073
10519
14521
16457
16082
13427
8840
2979
-3324
-9173
-13727
-16329
-16590
-14505
-10332
-4712
1588
7637
12582
15726
16637
15180
11587
6380
291
-5801
-11040
-14718
-16302
-15597
-12721
-8075
-2329
3709
9219
13424
15743
15883
13791
9801
4447
-1515
-7265
-12002
-15059
-16017
-14731
-11387
-6448
-619
5299
10459
14142
15808
15247
12559
8119
2591
-3256
-8523
-12468
-14523
-14406
-12147
-8118
-2901
2682
7784
11657
13683
13571
11319
7244
1966
-3759
-9062
-13151
-15407
-15469
-13302
-9186
-3710
2353
8137
12818
15708
16356
14697
10917
5542
-651
-6795
-11997
-15514
-16831
-15747
-12402
-7258
-1065
5302
10928
14988
16911
16409
13567
8783
2736
-3693
-9584
-14085
-16556
-16667
-14396
-10096
-4387
1925
7914
12742
15746
16511
14951
11312
6119
110
-5886
-11007
-14578
-16105
-15393
-12556
-7996
-2350
3608
9047
13230
15601
15810
13838
9955
4674
-1264
-7058
-11890
-15097
-16205
-15059
-11786
-6841
-900
5203
10604
14537
16429
15998
13286
8683
2821
-3457
-9264
-13745
-16293
-16497
-14368
-10174
-4551
1702
7700
12582
15667
16517
15037
11455
6267
234
-5811
-10992
-14619
-16182
-15488
-12655
-8059
-2372
3614
9108
13324
15695
15881
15881
13873
9959
4640
-1326
-7139
-11968
-15147
-16235
-15053
-11751
-6783
-842
5266
10655
14573
16441
15987
13263
8640
2771
-3505
-9306
-13780
-16300
-16493
-14340
-10131
-4504
1761
7745
12615
15681
16520
15007
11389
6202
157
-5859
-11029
-14622
-16162
-15442
-12568
-7981
-2308
3661
9111
13288
15626
15793
13797
9890
4605
-1306
-7074
-11869
-15055
-16154
-15004
-11766
-6859
-959
5117
10515
14479
16414
16058
13411
8851
2999
-3325
-9206
-13810
-16448
-16756
-14657
-10465
-4760
1647
7827
12877
16089
16992
15477
11740
6326
19
-6261
-11627
-15315
-16808
-15894
-12728
-7757
-1720
4518
10090
14169
16217
15953
13422
9027
3385
-2689
-8321
-12690
-15209
-15533
-13628
-9835
-4702
984
6362
10652
13216
13675
11969
8365
3402
-2152
-7472
-11740
-14304
-14750
-13027
-9344
-4217
1577
7238
11924
14951
15892
14586
11226
6261
422
-5486
-10627
-14286
-15946
-15377
-12662
-8179
-2550
3441
8963
13234
15674
15936
13974
10052
4720
-1285
-7145
-12037
-15258
-16354
-15161
-11811
-6794
-781
5373
10797
14713
16550
16057
13267
8586
2657
-3659
-9464
-13930
-16398
-16540
-14321
-10070
-4380
1906
7897
12764
15776
16561
14998
11324
6077
15
-6020
-11170
-14739
-16229
-15448
-12521
-7868
-2156
3837
9293
13428
15716
15824
13750
9753
4423
-1529
-7291
-12057
-15171
-16180
-14932
-11594
-6610
-678
5387
10734
14588
16398
15905
13151
8515
2656
-3605
-9382
-13824
-16316
-16480
-14285
-10063
-4412
1859
7852
12722
15763
16564
15012
11351
6106
30
-6027
-11189
-14773
-16260
-15484
-15484
-12543
-7872
-2131
3880
9335
13480
15749
15845
13740
9740
4376
-1582
-7350
-12101
-15204
-16179
-14919
-11557
-6563
-613
5442
10775
14611
16410
15891
13114
8467
2598
-3659
-9428
-13856
-16322
-16467
-14255
-10018
-4353
1929
7911
12761
15770
16540
14965
11272
6017
-60
-6080
-11214
-14752
-16207
-15384
-12432
-7774
-2057
3911
9300
13393
15629
15700
13618
9661
4385
-1503
-7201
-11928
-15007
-16046
-14864
-11600
-6712
-859
5169
10527
14450
16389
16024
13400
8851
2996
-3338
-9239
-13895
-16570
-16912
-14824
-10584
-4801
1718
8016
13180
16456
17367
15768
11869
6260
-266
-6733
-12227
-15932
-17326
-16189
-12696
-7404
-1056
5389
11008
14964
16698
15981
12936
8051
2061
-4130
-9575
-13473
-15206
-14535
-11553
-6707
-724
5492
11027
15038
16902
16336
13416
8526
2407
-4079
-9972
-14431
-16814
-16784
-14355
-9886
-4034
2365
8373
13172
16057
16646
14905
11068
5706
-405
-6406
-11463
-14884
-16217
-15295
-12249
-7538
-1822
4119
9470
13497
15666
15665
13508
9489
4171
-1738
-7428
-12102
-15120
-16057
-14757
-11396
-6431
-528
5483
10764
14561
16338
15811
13036
8403
2556
-3700
-9443
-13859
-16320
-16442
-14235
-9992
-4321
1972
7964
12826
15840
16592
15003
11292
5990
-126
-6189
-11346
-14890
-16329
-15480
-12462
-7722
-1945
4081
9514
13614
15812
15823
13628
9561
4164
-1806
-7527
-12221
-15226
-16130
-14794
-11381
-6378
-450
5582
10854
14631
16360
15792
12991
8334
2481
-3763
-9492
-13891
-16324
-16425
-14202
-9949
-4273
2006
8003
12846
15841
16589
14992
14992
11259
5952
-159
-6221
-11387
-14919
-16337
-15467
-12435
-7688
-1897
4135
9569
13651
15832
15810
13596
9519
4116
-1858
-7571
-12256
-15242
-16128
-14774
-11347
-6327
-399
5622
10890
14644
16364
15779
12958
8294
2422
-3818
-9533
-13919
-16331
-16415
-14176
-9899
-4199
2073
8066
12879
15860
16567
14940
11176
5862
-252
-6288
-11407
-14897
-16269
-15353
-12312
-7569
-1810
4163
9523
13550
15683
15641
13457
9431
4117
-1769
-7410
-12040
-15030
-15957
-14693
-11395
-6495
-656
5305
10600
14449
16319
15903
13266
8718
2888
-3397
-9289
-13909
-16581
-16902
-14816
-10573
-4755
1782
8103
13304
16610
17519
15890
11934
6233
-387
-6964
-12530
-16265
-17616
-16395
-12756
-7267
-740
5877
11571
15513
17126
16150
12757
7438
1010
-5583
-11350
-15420
-17205
-16404
-13154
-7919
-1490
5187
11140
15456
17525
17022
14024
8979
2634
-4083
-10183
-14782
-17233
-17173
-14637
-10015
-3967
2588
8720
13561
16428
16924
15020
11013
5494
-736
-6806
-11851
-15196
-16398
-15296
-12095
-7248
-1436
4524
9821
13737
15739
15587
13294
9171
3811
-2076
-7677
-12240
-15125
-15938
-14542
-11125
-6144
-284
5655
10853
14553
16241
15652
12845
8205
2379
-3812
-9509
-13869
-16292
-16373
-14146
-9885
-4196
2090
8077
12918
15904
16619
14987
11215
5866
-292
-6368
-11530
-15032
-16399
-15463
-12372
-7558
-1710
4329
9749
13786
15895
15801
13502
9353
3904
-2061
-7755
-12381
-15287
-16090
-14653
-11174
-6134
-211
5759
10978
14665
16310
15677
12833
8153
2299
-3917
-9607
-13940
-16315
-16377
-14111
-14111
-9826
-4134
2156
8138
12951
15922
16612
14956
11169
5817
-332
-6414
-11564
-15054
-16407
-15450
-12346
-7518
-1667
4387
9791
13814
15906
15784
13473
9317
3860
-2101
-7793
-12409
-15299
-16077
-14627
-11135
-6087
-174
5812
10997
14681
16311
15667
12803
8113
2254
-3957
-9630
-13975
-16334
-16375
-14097
-9793
-4084
2209
8193
12996
15944
16623
14927
11114
5744
-428
-6499
-11619
-15071
-16386
-15387
-12236
-7402
-1562
4449
9806
13774
15812
15650
13326
9182
3786
-2109
-7723
-12268
-15120
-15899
-14484
-11076
-6123
-304
5586
10739
14437
16164
15629
12917
8365
2601
-3580
-9317
-13797
-16346
-16599
-14507
-10305
-4615
1788
7985
13075
16311
17230
15689
11857
6323
-134
-6593
-12105
-15901
-17432
-16490
-13232
-8156
-2050
4186
9601
13406
15015
14212
11110
6174
167
-5979
-11363
-15129
-16720
-15858
-12623
-7521
-1253
5259
11039
15240
17239
16727
13774
8812
2563
-4080
-10116
-14686
-17125
-17077
-14575
-9962
-3949
2608
8752
13605
16472
16972
15054
11013
5444
-850
-6956
-12026
-15353
-16511
-15352
-12059
-7137
-1233
4759
10054
13936
15865
15601
13201
8990
3548
-2362
-7940
-12428
-15211
-15910
-14409
-10904
-5884
-25
5880
10994
14606
16194
15521
12663
7996
2177
-3986
-9631
-13933
-16276
-16314
-14031
-9741
-4055
2234
8211
13008
15970
16630
14932
11119
5728
-461
-6557
-11691
-15160
-16466
-15462
-12278
-7393
-1498
4564
9962
13951
15975
15780
13381
9154
3657
-2327
-7984
-12536
-15355
-16041
-14515
-10957
-5889
40
5966
11102
14704
16268
15554
12649
12649
7958
2102
-4077
-9705
-13991
-16304
-16314
-14015
-9692
-3992
2301
8271
13049
15981
16625
14916
11074
5681
-511
-6601
-11730
-15178
-16476
-15448
-12260
-7345
-1453
4619
10008
13982
15988
15756
13347
9101
3608
-2376
-8024
-12548
-15346
-16019
-14478
-10928
-5844
64
5982
11103
14692
16240
15535
12643
7939
2103
-4083
-9708
-13993
-16308
-16329
-14030
-9713
-4000
2300
8289
13097
16035
16699
14981
11115
5683
-549
-6684
-11835
-15297
-16577
-15511
-12252
-7283
-1326
4778
10182
14122
16075
15773
13275
8937
3387
-2598
-8206
-12663
-15346
-15905
-14265
-10650
-5566
281
6103
11093
14530
15971
15183
12290
7674
1963
-4025
-9465
-13596
-15820
-15853
-13658
-9541
-4097
1925
7639
12288
15170
15957
14526
11140
6320
819
-4531
-8926
-11713
-12455
-11058
-7741
-3001
2428
7712
12039
14723
15329
13724
10093
4936
-1006
-6898
-11869
-15202
-16374
-15212
-11854
-6746
-629
5616
11114
15043
16832
16221
13264
8387
2278
-4176
-10048
-14486
-16844
-16775
-14310
-9782
-3858
2607
8696
13506
16372
16883
14990
10971
5418
-874
-6986
-12075
-15414
-16571
-15385
-12056
-7065
-1132
4919
10249
14113
15985
15663
13162
8854
3346
-2601
-8183
-12629
-15328
-15925
-14314
-10731
-5654
235
6108
11156
14681
16174
15417
12483
7787
1961
-4173
-9763
-13990
-16271
-16252
-13906
-9592
-3881
2395
8343
13109
16011
16633
14883
11014
5584
-620
-6731
-11855
-15273
-16536
-15444
-12193
-7237
-1283
4797
10182
14110
16065
15765
13276
8951
3406
-2594
-8216
-12698
-15421
-16009
-14378
-10765
-10765
-5632
290
6181
11238
14750
16217
15423
12468
7744
1897
-4245
-9823
-14044
-16290
-16241
-13892
-9541
-3839
2448
8389
13146
16032
16632
14864
10976
5538
-677
-6774
-11885
-15304
-16539
-15426
-12153
-7180
-1226
4855
10227
14132
16063
15730
13220
8894
3348
-2637
-8244
-12693
-15380
-15949
-14317
-10694
-5604
285
6153
11184
14680
16148
15381
12461
7778
1976
-4148
-9724
-13968
-16267
-16277
-13976
-9687
-3990
2315
8315
13157
16129
16812
15094
11214
5718
-600
-6830
-12069
-15585
-16888
-15768
-12405
-7277
-1139
5134
10656
14631
16529
16071
13336
8738
2937
-3247
-8933
-13339
-15828
-16082
-14074
-10102
-4736
1244
7035
11782
14827
15774
14492
11185
6337
666
-5012
-9903
-13306
-14748
-14060
-11363
-7109
-1946
3340
7930
11146
12472
11722
8998
4704
-515
-5879
-10574
-13873
-15279
-14547
-11754
-7259
-1703
4132
9428
13439
15576
15545
13334
9228
3819
-2146
-7836
-12467
-15355
-16108
-14602
-11044
-5907
75
6087
11269
14898
16440
15666
12669
7856
1914
-4333
-10002
-14268
-16515
-16404
-13973
-9532
-3730
2631
8609
13359
16208
16735
14874
10906
5386
-880
-6990
-12090
-15432
-16594
-15407
-12046
-7020
-1039
5051
10399
14253
16110
15716
13137
8750
3170
-2826
-8417
-12821
-15451
-15947
-14243
-10559
-5414
484
6342
11332
14766
16165
15309
12304
7566
1734
-4369
-9899
-14061
-16250
-16164
-13775
-9420
-3713
2549
8469
13191
16046
16611
14817
10918
5446
-782
-6892
-12005
-15385
-16593
-15436
-12103
-7085
-1091
5023
10391
14282
16162
15763
13179
8777
8777
3164
-2854
-8461
-12880
-15504
-15985
-14262
-10551
-5373
543
6400
11390
14808
16182
15300
12271
7519
1681
-4423
-9936
-14097
-16263
-16150
-13747
-9384
-3655
2603
8516
13224
16063
16612
14799
10870
5389
-844
-6947
-12047
-15406
-16577
-15397
-12041
-7011
-1017
5088
10426
14286
16125
15687
13081
8674
3086
-2894
-8450
-12831
-15403
-15862
-14135
-10461
-5351
497
6296
11234
14649
16037
15221
12285
7620
1861
-4200
-9727
-13930
-16210
-16220
-13953
-9690
-4003
2289
8314
13194
16231
16965
15262
11377
5821
-602
-6961
-12326
-15947
-17274
-16114
-12617
-7309
-949
5544
11229
15282
17127
16481
13470
8514
2374
-4071
-9888
-14240
-16484
-16339
-13827
-9340
-3562
2664
8402
12829
15282
15409
13223
9059
3565
-2450
-8046
-12411
-14843
-15010
-12844
-8687
-3136
2998
8794
13382
16101
16541
14622
10620
5113
-1120
-7173
-12199
-15465
-16533
-15269
-11859
-6809
-825
5235
10530
14314
16093
15627
12995
8562
2975
-3010
-8549
-12896
-15458
-15891
-14118
-10397
-5236
657
6482
11420
14791
16119
15214
12172
7414
1588
-4493
-9987
-14102
-16249
-16113
-13687
-9312
-3589
2672
8570
13267
16091
16617
14775
10832
5338
-911
-7027
-12119
-15480
-16624
-15415
-12033
-6964
-937
5190
10563
14410
16217
15761
13097
8628
2982
-3058
-8646
-13020
-15569
-15963
-14144
-10383
-5171
758
6574
11507
14851
16140
15186
12110
7334
1503
-4573
-10035
-14116
-16233
-16066
-13630
-9255
-3533
2717
8586
13275
16073
16580
14743
10803
5305
-932
-7040
-12122
-15475
-16634
-15420
-12025
-6943
-6943
-906
5226
10600
14437
16247
15769
13096
8600
2943
-3105
-8693
-13061
-15610
-15973
-14129
-10350
-5120
814
6636
11550
14873
16149
15172
12080
7281
1451
-4619
-10071
-14141
-16250
-16049
-13592
-9205
-3483
2761
8635
13304
16086
16578
14721
10738
5245
-998
-7097
-12173
-15497
-16609
-15364
-11933
-6853
-811
5301
10620
14415
16178
15657
12961
8481
2844
-3141
-8663
-12968
-15465
-15806
-13985
-10241
-5107
734
6476
11338
14660
15965
15077
12101
7441
1709
-4303
-9767
-13920
-16162
-16157
-13876
-9614
-3946
2334
8351
13248
16288
17029
15341
11423
5826
-651
-7081
-12528
-16196
-17526
-16331
-12734
-7296
-766
5871
11677
15763
17551
16767
13532
8316
1905
-4752
-10667
-14976
-17024
-16526
-13549
-8554
-2291
4312
10253
14663
16863
16529
13683
8785
2543
-4122
-10210
-14835
-17293
-17227
-14637
-9910
-3752
2959
9213
14115
16946
17323
15205
10900
5057
-1458
-7719
-12830
-16063
-16975
-15486
-11817
-6516
-357
5797
11058
14742
16325
15633
12784
8186
2490
-3502
-8962
-13171
-15541
-15773
-13836
-10014
-4808
1047
6754
11563
14773
15971
14956
11857
7100
1324
-4662
-10048
-14055
-16122
-15930
-13480
-9115
-3434
2776
8616
13267
16044
16543
14683
10734
5227
-1016
-7121
-12197
-15545
-16659
-15416
-11978
-6857
-779
5377
10730
14558
16326
15778
13032
8476
2766
-3310
-8881
-13196
-15672
-15963
-14043
-10186
-4919
1025
6814
11680
14924
16117
15064
11920
7099
1262
-4763
-10170
-14172
-16200
-15966
-13469
-9072
-3351
2870
8696
13333
16078
16542
14649
10673
5172
5172
-1077
-7177
-12242
-15564
-16666
-15395
-11941
-6808
-727
5417
10774
14576
16331
15763
13010
8436
2720
-3350
-8930
-13246
-15693
-15963
-14024
-10144
-4861
1063
6867
11715
14947
16111
15041
11880
7052
1223
-4807
-10206
-14190
-16195
-15943
-13449
-9029
-3309
2906
8737
13356
16086
16535
14642
10638
5123
-1137
-7227
-12292
-15582
-16673
-15365
-11884
-6732
-652
5490
10826
14597
16301
15701
12906
8322
2617
-3418
-8946
-13196
-15597
-15828
-13879
-10031
-4799
1075
6786
11569
14765
15943
14914
11827
7108
1371
-4586
-9950
-13965
-16072
-15930
-13568
-9296
-3658
2551
8442
13209
16137
16787
15071
11165
5629
-743
-7061
-12413
-15986
-17296
-16110
-12590
-7253
-857
5681
11393
15464
17317
16680
13657
8718
2615
-3739
-9411
-13523
-15492
-15001
-12149
-7351
-1353
4959
10626
14779
16775
16313
13434
8544
2358
-4219
-10219
-14754
-17159
-17055
-14453
-9761
-3640
3018
9228
14101
16914
17279
15141
10849
4993
-1534
-7808
-12922
-16145
-17037
-15514
-11792
-6442
-227
5965
11263
14909
16449
15685
12724
8045
2285
-3748
-9208
-13384
-15668
-15791
-13742
-9824
-4552
1325
7024
11745
14864
15934
14824
11650
6846
1064
-4883
-10200
-14114
-16084
-15819
-13313
-8915
-3232
2951
8737
13316
16053
16489
14584
10605
5092
-1164
-7252
-12313
-15620
-16687
-15381
-11889
-6723
-621
5546
10918
14703
16403
15793
12951
8325
2551
-3544
-9107
-13383
-15775
-15965
-13953
-10002
-4672
1294
7056
11854
15007
16090
14945
11713
6844
1025
-4987
-10301
-14225
-16174
-15859
-13296
-8868
-3157
-3157
3024
8817
13385
16080
16490
14562
10551
5024
-1230
-7309
-12357
-15644
-16678
-15363
-11851
-6674
-574
5612
10957
14730
16412
15773
12930
8281
2499
-3599
-9149
-13410
-15775
-15957
-13907
-9946
-4610
1342
7091
11881
14999
16078
14912
11666
6811
987
-4992
-10313
-14214
-16159
-15832
-13286
-8861
-3152
3032
8828
13399
16085
16506
14582
10569
5033
-1236
-7334
-12398
-15693
-16755
-15421
-11900
-6677
-522
5696
11067
14851
16510
15836
12924
8214
2379
-3752
-9334
-13551
-15867
-15952
-13825
-9776
-4410
1553
7278
11967
14999
15948
14692
11397
6548
783
-5096
-10274
-14040
-15856
-15491
-12957
-8610
-3054
2951
8552
12989
15604
16050
14253
10458
5191
-807
-6661
-11592
-14890
-16121
-15135
-12118
-7545
-2129
3322
7950
11100
12278
11303
8362
3870
-1443
-6784
-11331
-14344
-15346
-14138
-10852
-5932
-70
5891
11081
14755
16346
15591
12598
7748
1753
-4549
-10258
-14521
-16716
-16520
-13946
-9352
-3399
3085
9127
13865
16630
16982
14895
10688
4934
-1503
-7731
-12813
-16046
-16970
-15477
-11789
-6438
-220
5993
11315
14980
16536
15738
12753
8004
2179
-3907
-9401
-13555
-15815
-15875
-13736
-9701
-4354
1577
7269
11965
15010
15973
14745
11490
6619
811
-5120
-10374
-14212
-16086
-15718
-13145
-8712
-3013
3133
8879
13403
16041
16422
14463
10446
4920
-1313
-7388
-12409
-15677
-16691
-15335
-11799
-6585
-453
5732
11076
14827
16475
15783
12875
8176
2347
-3776
-9329
-13558
-15878
-15978
-13847
-9801
-4433
1557
7302
12036
15098
16067
14821
11521
6601
765
765
-5194
-10457
-14280
-16136
-15733
-13122
-8661
-2940
3211
8946
13450
16069
16429
14439
10404
4878
-1371
-7436
-12452
-15684
-16687
-15322
-11762
-6545
-402
5777
11107
14850
16482
15763
12848
8121
2289
-3823
-9378
-13572
-15876
-15943
-13792
-9750
-4374
1607
7317
12028
15067
16022
14769
11460
6574
758
-5171
-10420
-14227
-16091
-15701
-13120
-8689
-3006
3131
8883
13415
16068
16463
14535
10529
4982
-1281
-7393
-12484
-15800
-16866
-15531
-11953
-6683
-446
5856
11296
15125
16781
16050
13030
8165
2165
-4107
-9772
-14011
-16261
-16183
-13840
-9558
-3958
2155
7930
12554
15387
16046
14467
10883
5790
-62
-5868
-10812
-14232
-15630
-14840
-11998
-7532
-2052
3641
8758
12601
14637
14627
12623
8989
4274
-766
-5354
-8804
-10554
-10370
-8282
-4583
146
5188
9750
13133
14795
14425
12038
7923
2656
-3070
-8408
-12638
-15129
-15524
-13744
-10030
-4879
991
6761
11622
14884
16080
15019
11844
6974
1090
-4986
-10394
-14378
-16355
-16015
-13404
-8869
-3055
3236
9091
13678
16332
16662
14603
10468
4824
-1539
-7664
-12697
-15921
-16852
-15389
-11729
-6415
-202
6009
11348
15039
16574
15776
12759
7958
2086
-4044
-9576
-13723
-15944
-15941
-13715
-9595
-4180
1811
7512
12172
15147
16014
14676
11310
6378
556
-5367
-10563
-14320
-16084
-15620
-12962
-8486
-2787
3340
9031
13484
16043
16356
14339
10282
4755
-1482
-7524
-12504
-15717
-16687
-15282
-11709
-6459
-298
5886
11231
14944
16538
15785
12807
8037
2154
-3997
-9545
-13734
-15982
-15984
-13760
-9644
-4187
1816
1816
7543
12222
15196
16066
14705
11317
6352
506
-5428
-10622
-14356
-16110
-15623
-12948
-8439
-2735
3396
9078
13511
16058
16346
14315
10251
4703
-1532
-7568
-12537
-15735
-16686
-15269
-11665
-6406
-240
5945
11265
14962
16536
15761
12754
7960
2085
-4060
-9585
-13744
-15957
-15925
-13679
-9550
-4113
1856
7548
12192
15116
15958
14609
11246
6329
532
-5350
-10511
-14229
-16003
-15553
-12951
-8513
-2872
3204
8907
13384
16011
16409
14481
10499
4974
-1286
-7409
-12526
-15873
-16981
-15656
-12083
-6755
-443
5961
11509
15424
17116
16356
13230
8213
2017
-4452
-10254
-14583
-16790
-16568
-13991
-9416
-3522
2835
8737
13342
15994
16335
14338
10317
4877
-1189
-6996
-11719
-14675
-15465
-14021
-10602
-5727
-199
5175
9550
12262
12897
11354
7849
2920
-2721
-8189
-12662
-15478
-16157
-14601
-11003
-5836
156
6133
11253
14775
16221
15392
12414
7697
1935
-4090
-9516
-13599
-15784
-15759
-13549
-9475
-4104
1845
7518
12143
15104
15962
14615
11240
6306
478
-5438
-10621
-14344
-16095
-15594
-12920
-8413
-2683
3445
9131
13561
16095
16365
14309
10213
4654
-1604
-7644
-12614
-15801
-16737
-15271
-11638
-6338
-151
6046
11382
15067
16603
15783
12737
7893
1973
-4189
-9731
-13878
-16060
-15990
-13677
-9488
-3992
2032
7748
12373
15267
16044
14608
11135
6144
285
-5606
-10752
-14412
-16076
-15519
-12783
-8256
-2555
3542
9176
13553
16039
16277
14202
10117
4582
-1642
-7647
-12592
-15745
-16670
-15221
-11604
-6319
-147
6039
11358
15054
16590
15777
12732
7896
1972
-4203
-4203
-9750
-13897
-16083
-16000
-13690
-9482
-3971
2063
7787
12408
15300
16062
14597
11125
6103
240
-5656
-10792
-14439
-16087
-15508
-12749
-8215
-2508
3583
9217
13571
16050
16262
14171
10079
4528
-1687
-7686
-12628
-15769
-16673
-15195
-11553
-6262
-78
6109
11415
15077
16594
15746
12653
7813
1884
-4273
-9786
-13892
-16034
-15906
-13578
-9362
-3871
2108
7775
12341
15174
15909
14461
11013
6071
283
-5531
-10609
-14233
-15916
-15398
-12761
-8331
-2722
3305
8925
13355
15939
16327
14401
10452
4954
-1288
-7407
-12537
-15917
-17053
-15762
-12182
-6830
-452
6037
11700
15683
17422
16641
13449
8278
1922
-4734
-10708
-15115
-17324
-16988
-14190
-9329
-3121
3502
9573
14199
16702
16725
14276
9746
3806
-2626
-8592
-13209
-15768
-15870
-13516
-9050
-3127
3354
9440
14201
16951
17250
15034
10639
4713
-1899
-8223
-13344
-16530
-17316
-15611
-11677
-6088
334
6668
11996
15573
16911
15844
12548
7512
1469
-4711
-10185
-14178
-16165
-15897
-13414
-9100
-3561
2427
8052
12529
15270
15894
14341
10822
5809
12
-5801
-10819
-14364
-15938
-15312
-12558
-8038
-2380
3650
9215
13515
15958
16159
14076
9988
4474
-1726
-7698
-12605
-15736
-16647
-15168
-11535
-6242
-58
6138
11451
15131
16630
15782
12703
7808
1850
-4343
-9902
-14040
-16173
-16028
-13639
-9359
-3797
2265
7991
12563
15388
16066
14527
10971
5901
20
-5859
-10934
-14498
-16072
-15410
-12599
-8031
-2318
3759
9329
13620
16024
16183
14061
9939
4391
-1806
-7767
-12660
-15771
-16640
-15140
-11485
-6188
0
6188
6188
11485
15140
16640
15771
12660
7767
1806
-4391
-9939
-14061
-16183
-16024
-13620
-9329
-3759
2318
8031
12599
15411
16073
14499
10935
5859
-20
-5902
-10971
-14528
-16067
-15388
-12563
-7990
-2264
3799
9361
13641
16029
16173
14040
9900
4341
-1853
-7810
-12705
-15782
-16628
-15128
-11447
-6134
61
6243
11535
15166
16643
15731
12599
7693
1724
-4474
-9984
-14070
-16151
-15950
-13508
-9212
-3652
2374
8028
12547
15302
15930
14361
10822
5810
2
-5793
-10807
-14331
-15891
-15275
-12543
-8072
-2449
3541
9087
13411
15906
16185
14206
10216
4737
-1453
-7511
-12563
-15874
-16952
-15616
-12032
-6688
-332
6114
11725
15673
17380
16582
13371
8215
1851
-4798
-10749
-15148
-17344
-16996
-14172
-9315
-3122
3465
9482
14018
16409
16307
13711
9024
2964
-3574
-9621
-14247
-16770
-16796
-14313
-9683
-3587
3073
9321
14217
17040
17388
15177
10756
4760
-1920
-8298
-13485
-16684
-17463
-15713
-11715
-6036
468
6856
12213
15790
17073
15926
12534
7394
1268
-4976
-10472
-14415
-16332
-15936
-13345
-8910
-3289
2736
8340
12764
15395
15908
14223
10598
5521
-289
-6073
-11010
-14454
-15901
-15166
-12335
-7771
-2108
3869
9357
13572
15901
16030
13890
9786
4274
-1881
-7809
-12649
-15743
-16592
-15077
-11417
-6111
75
6260
11551
15195
16673
15770
12630
7688
1689
-4527
-10078
-14171
-16262
-16051
-13572
-9217
-3584
2508
8215
12750
15509
16088
14440
10792
5656
-240
-6103
-11125
-14597
-16062
-15300
-12408
-7787
-2063
3971
9482
13690
16000
16083
13897
9750
4203
-1972
-7896
-7896
-12732
-15777
-16590
-15054
-11359
-6040
146
6318
11604
15221
16671
15745
12592
7647
1642
-4581
-10118
-14202
-16278
-16040
-13554
-9177
-3543
2556
8257
12784
15521
16078
14414
10752
5605
-287
-6147
-11139
-14611
-16046
-15267
-12372
-7745
-2027
3997
9493
13680
15991
16057
13872
9723
4181
-1980
-7897
-12736
-15778
-16594
-15055
-11370
-6037
156
6336
11630
15257
16720
15784
12601
7638
1608
-4642
-10193
-14285
-16342
-16078
-13555
-9138
-3464
2654
8380
12889
15573
16089
14356
10649
5479
-433
-6265
-11214
-14610
-15981
-15146
-12201
-7581
-1899
4071
9473
13581
15823
15868
13688
9590
4133
-1938
-7752
-12513
-15521
-16355
-14885
-11309
-6116
-55
6013
11230
14839
16352
15572
12601
7929
2239
-3624
-8748
-12400
-14020
-13385
-10596
-6074
-505
5245
10342
13960
15559
14870
11957
7223
1366
-4776
-10300
-14394
-16445
-16128
-13471
-8836
-2890
3519
9459
14065
16657
16874
14647
10286
4450
-2050
-8267
-13293
-16414
-17158
-15443
-11504
-5935
484
6800
12124
15684
16993
15867
12505
7378
1253
-5003
-10518
-14488
-16403
-15994
-13361
-8883
-3184
2884
8517
12945
15540
15986
14212
10497
5342
-534
-6324
-11237
-14597
-15946
-15107
-12187
-7547
-1860
4106
9542
13671
15919
15954
13745
9588
4065
-2080
-7955
-12751
-15760
-16536
-14964
-11268
-5949
237
6404
11664
15269
16688
15737
12539
7569
1533
-4702
-10252
-14316
-16347
-16059
-13512
-9078
-3397
2736
8439
12948
15623
16110
14357
10622
5428
-507
-6353
-11318
-14706
-16066
-15196
-12222
-7543
-1816
4187
9644
9644
13760
15984
15982
13734
9545
3997
-2154
-8037
-12807
-15785
-16538
-14945
-11232
-5887
297
6459
11709
15283
16688
15717
12504
7525
1482
-4755
-10282
-14340
-16357
-16044
-13485
-9032
-3339
2788
8489
12964
15622
16085
14321
10562
5365
-560
-6381
-11313
-14678
-16013
-15145
-12169
-7507
-1806
4185
9597
13715
15937
15938
13716
9569
4038
-2089
-7957
-12754
-15768
-16563
-15028
-11339
-6006
200
6407
11716
15374
16837
15910
12693
7669
1552
-4805
-10446
-14583
-16648
-16328
-13685
-9109
-3263
3025
8842
13387
16012
16367
14405
10433
5027
-1055
-6952
-11842
-15040
-16122
-14939
-11679
-6809
-1018
4881
10065
13809
15608
15216
12709
8445
3059
-2722
-8038
-12186
-14580
-14922
-13195
-9710
-5018
168
5041
8867
11051
11287
9536
6035
1351
-3815
-8675
-12453
-14587
-14699
-12728
-8913
-3789
1937
7466
11987
14877
15701
14319
10896
5933
97
-5788
-10910
-14515
-16103
-15442
-12596
-7951
-2153
3980
9593
13881
16221
16288
14023
9769
4090
-2191
-8195
-13057
-16068
-16788
-15121
-11282
-5836
468
6702
11966
15536
16862
15789
12469
7378
1268
-4990
-10531
-14532
-16454
-16057
-13403
-8875
-3126
3007
8686
13114
15693
16084
14221
10416
5171
-756
-6569
-11455
-14764
-16019
-15065
-12028
-7319
-1610
4371
9746
13790
15942
15877
13573
9380
3825
-2287
-8120
-12847
-15764
-16483
-14851
-11108
-5778
402
6545
11762
15323
16687
15684
12453
7437
1371
-4878
-10405
-14440
-16430
-16070
-13450
-8946
-3211
2940
8661
13122
15733
16136
14280
10457
5194
-765
-6601
-11521
-11521
-14821
-16067
-15098
-12036
-7302
-1557
4433
9801
13847
15978
15878
13557
9328
3775
-2348
-8176
-12875
-15782
-16475
-14827
-11076
-5732
453
6585
11799
15335
16691
15677
12408
7387
1313
-4920
-10446
-14462
-16422
-16041
-13402
-8879
-3134
3013
8711
13145
15718
16086
14212
10374
5121
-810
-6619
-11490
-14745
-15973
-15011
-11966
-7270
-1578
4354
9702
13737
15877
15817
13557
9403
3907
-2180
-8006
-12755
-15740
-16538
-14982
-11316
-5992
222
6441
11793
15480
16972
16047
12812
7728
1499
-4939
-10692
-14898
-16983
-16628
-13860
-9121
-3078
3405
9356
13947
16516
16710
14512
10249
4542
-1757
-7747
-12593
-15581
-16333
-14742
-11070
-5885
69
5922
10834
14115
15322
14324
11322
6790
1469
-3822
-8292
-11213
-12174
-10988
-7838
-3218
2219
7615
12166
15161
16127
14881
11572
6637
784
-5209
-10468
-14254
-16044
-15593
-12976
-8539
-2941
3059
8611
12953
15484
15847
14031
10268
5092
-782
-6544
-11391
-14685
-15942
-14994
-11965
-7279
-1556
4406
9771
13821
15950
15866
13552
9336
3755
-2375
-8211
-12922
-15835
-16511
-14853
-11069
-5698
520
6675
11899
15421
16757
15695
12400
7336
1237
-5032
-10569
-14583
-16507
-16086
-13400
-8828
-3032
3152
8861
13287
15833
16159
14214
10313
4992
-987
-6812
-11666
-14913
-16078
-14998
-11881
-7091
-1341
4610
9946
13907
15956
15774
13410
9149
3599
-2499
-8281
-12930
-15773
-16412
-14730
-10957
-5611
574
6674
11850
15362
16677
15643
12357
7309
1230
-5024
-10551
-14562
-16489
-16080
-13385
-8817
-3024
3157
8868
13296
13296
15859
16174
14225
10301
4987
-1025
-6844
-11713
-14945
-16090
-15007
-11854
-7056
-1294
4672
10002
13953
15965
15774
13383
9107
3543
-2551
-8325
-12951
-15792
-16403
-14703
-10918
-5546
621
6722
11888
15380
16686
15619
12313
7253
1165
-5090
-10603
-14582
-16488
-16053
-13317
-8739
-2954
3229
8912
13311
15819
16086
14118
10204
4888
-1061
-6844
-11650
-14827
-15939
-14870
-11751
-7029
-1327
4553
9829
13750
15800
15676
13390
9211
3745
-2292
-8056
-12737
-15696
-16457
-14912
-11259
-5955
242
6459
11808
15524
17039
16137
12906
7786
1511
-5014
-10862
-15142
-17267
-16890
-14070
-9195
-2990
3656
9760
14433
17017
17110
14704
10178
4197
-2351
-8507
-13368
-16228
-16685
-14705
-10590
-4982
1255
7170
11884
14663
15099
13102
8990
3346
-2953
-8983
-13838
-16778
-17340
-15428
-11319
-5591
942
7319
12627
16117
17274
15945
12363
7012
705
-5649
-11166
-15055
-16759
-16104
-13178
-8418
-2539
3657
9283
13547
15907
16050
13949
9942
4588
-1361
-7092
-11810
-14899
-15933
-14761
-11572
-6794
-1086
4786
10020
13872
15825
15600
13202
8954
3427
-2609
-8317
-12905
-15703
-16306
-14603
-10832
-5495
649
6732
11886
15368
16678
15586
12296
7229
1137
-5125
-10641
-14645
-16538
-16088
-13357
-8737
-2905
3311
9031
13451
15944
16196
14190
10205
4806
-1224
-7053
-11881
-15041
-16111
-14947
-11715
-6867
-1062
4861
10144
14024
15962
15693
13246
8929
3350
-2720
-8436
-13010
-15763
-16331
-14576
-10774
-5417
727
6808
11941
15395
16666
15564
12242
7177
1077
-5172
-10673
-14649
-14649
-16542
-16078
-13333
-8696
-2870
3351
9072
13469
15966
16200
14172
10170
4763
-1262
-7099
-11920
-15064
-16117
-14924
-11680
-6814
-1025
4919
10186
14043
15963
15672
13196
8881
3310
-2766
-8476
-13032
-15778
-16326
-14558
-10730
-5377
779
6858
11979
15417
16659
15545
12197
7119
1014
-5229
-10736
-14683
-16543
-16043
-13265
-8614
-2774
3436
9116
13480
15928
16119
14051
10045
4660
-1326
-7100
-11855
-14952
-15966
-14768
-11560
-6752
-1049
4804
10008
13829
15767
15537
13169
8964
3508
-2481
-8177
-12775
-15628
-16324
-14746
-11067
-5809
344
6505
11810
15486
16982
16076
12848
7737
1473
-5048
-10900
-15216
-17343
-16973
-14142
-9235
-2970
3756
9930
14673
17273
17341
14875
10229
4109
-2595
-8882
-13825
-16711
-17075
-14891
-10481
-4524
2109
8413
13452
16474
17011
14995
10707
4800
-1859
-8280
-13512
-16763
-17562
-15785
-11704
-5898
746
7285
12734
16340
17541
16214
12546
7095
658
-5826
-11430
-15352
-17042
-16300
-13257
-8355
-2333
3951
9623
13885
16166
16168
13922
9765
4299
-1715
-7448
-12107
-15081
-15967
-14658
-11335
-6471
-729
5111
10243
13985
15804
15463
12965
8660
3138
-2846
-8481
-12960
-15655
-16176
-14413
-10618
-5300
811
6853
11931
15362
16607
15495
12173
7097
998
-5244
-10737
-14720
-16578
-16086
-13304
-8635
-2761
3483
9205
13592
16049
16250
14141
10071
4619
-1450
-7281
-12080
-15172
-16149
-14873
-11550
-6636
-814
5120
10350
14129
15973
15610
13061
8693
3105
-2943
-8600
-13096
-15769
-16247
-14437
-10600
-5226
906
6943
12025
15420
15420
16634
15475
12122
7040
933
-5305
-10803
-14743
-16580
-16073
-13275
-8586
-2717
3533
9255
13630
16066
16233
14118
10037
4575
-1501
-7334
-12110
-15188
-16142
-14852
-11509
-6576
-758
5171
10385
14148
15967
15573
13022
8646
3056
-2986
-8634
-13103
-15767
-16221
-14410
-10559
-5184
945
6973
12041
15419
16624
15474
12109
7014
897
-5348
-10838
-14773
-16608
-16076
-13248
-8552
-2658
3595
9308
13673
16091
16222
14076
9969
4486
-1580
-7392
-12140
-15177
-16085
-14767
-11413
-6495
-689
5190
10346
14073
15861
15452
12918
8596
3075
-2904
-8501
-12958
-15625
-16129
-14385
-10625
-5335
741
6762
11863
15330
16645
15610
12349
7296
1183
-5132
-10732
-14820
-16797
-16368
-13601
-8900
-2929
3427
9228
13634
16019
16017
13671
9306
3624
-2556
-8269
-12682
-15118
-15213
-12935
-8621
-2931
3306
9142
13715
16320
16547
14363
10038
4216
-2262
-8453
-13466
-16528
-17211
-15382
-11324
-5615
914
7311
12654
16175
17345
16012
12373
6983
596
-5851
-11422
-15313
-17011
-16263
-13207
-8307
-2265
4037
9727
13985
16242
16218
13923
9709
4174
-1888
-7642
-12299
-15225
-16031
-14635
-11216
-6277
-482
5360
10463
14129
15852
15389
12818
8440
2888
-3086
-8670
-13073
-15678
-16117
-14280
-10422
-5088
1013
7005
12035
15391
16573
15405
12047
6949
848
-5385
-10866
-14797
-16612
-16063
-13225
-8518
-2605
3653
9382
13747
16150
16265
14099
9938
4425
-1680
-7519
-12271
-15300
-16182
-14808
-11390
-6400
-543
5373
10551
14262
15985
15504
12880
8461
2854
-3164
-8777
-13179
-15763
-15763
-16162
-14282
-10390
-5023
1091
7085
12103
15436
16593
15385
12005
6893
783
-5445
-10917
-14817
-16611
-16047
-13192
-8470
-2550
3712
9420
13776
16165
16252
14064
9902
4371
-1733
-7567
-12307
-15313
-16170
-14769
-11335
-6343
-482
5419
10566
14251
15954
15455
12821
8413
2817
-3182
-8762
-13147
-15722
-16110
-14246
-10385
-5033
1057
7034
12053
15405
16582
15411
12065
6965
861
-5395
-10901
-14855
-16705
-16172
-13324
-8584
-2621
3720
9503
13930
16355
16468
14236
9992
4351
-1871
-7794
-12600
-15605
-16400
-14890
-11299
-6151
-163
5812
10961
14552
16104
15404
12563
7964
2280
-3705
-9165
-13339
-15627
-15726
-13634
-9630
-4297
1618
7285
11906
14814
15623
14232
10869
6021
422
-5096
-9726
-12784
-13828
-12723
-9624
-5034
369
5753
10301
13332
14356
13213
10045
5307
-307
-5992
-10919
-14340
-15748
-14912
-11947
-7237
-1439
4586
10020
14069
16145
15941
13473
9061
3343
-2888
-8742
-13386
-16154
-16624
-14719
-10720
-5164
1147
7317
12466
15837
16950
15628
12087
6820
568
-5765
-11264
-15137
-16841
-16139
-13147
-8290
-2280
4026
9717
13995
16282
16258
13949
9699
4123
-1997
-7790
-12463
-15374
-16134
-14662
-11166
-6140
-278
5604
10688
14307
15937
15368
12684
8240
2637
-3344
-8887
-13211
-15723
-16058
-14130
-10228
-4858
1222
7175
12149
15423
16538
15305
11887
6777
680
-5536
-10975
-14864
-16632
-16033
-13147
-8390
-2448
3838
9541
13892
16242
16291
14045
9824
4245
-1897
-7744
-12468
-15423
-16217
-14750
-11238
-6181
-290
5632
10765
14378
16009
16009
15421
12698
8216
2594
-3405
-8950
-13275
-15764
-16065
-14110
-10183
-4797
1283
7237
12193
15443
16537
15273
11856
6732
621
-5583
-11013
-14884
-16634
-16013
-13111
-8345
-2396
3881
9593
13908
16255
16274
13993
9765
4173
-1963
-7791
-12488
-15423
-16178
-14684
-11157
-6105
-229
5662
10739
14321
15929
15327
12624
8173
2589
-3358
-8864
-13166
-15662
-15977
-14100
-10232
-4902
1145
7071
12053
15372
16550
15390
12051
6969
867
-5411
-10951
-14960
-16849
-16341
-13484
-8689
-2619
3829
9740
14263
16733
16816
14480
10068
4220
-2218
-8323
-13208
-16187
-16829
-15076
-11179
-5702
538
6669
11811
15216
16430
15304
12001
7036
1119
-4878
-10111
-13827
-15510
-14956
-12283
-7912
-2525
3064
8008
11552
13176
12635
9997
5682
332
-5249
-10218
-13805
-15463
-14903
-12225
-7736
-2125
3853
9308
13477
15750
15802
13654
9578
4162
-1830
-7572
-12234
-15179
-16014
-14607
-11184
-6189
-346
5533
10653
14299
15961
15410
12723
8250
2618
-3393
-8965
-13317
-15820
-16116
-14151
-10194
-4771
1348
7314
12286
15541
16597
15304
11828
6667
525
-5707
-11136
-14994
-16702
-16029
-13084
-8272
-2283
4013
9721
14031
16325
16298
13981
9696
4073
-2107
-7940
-12639
-15528
-16232
-14684
-11097
-5979
-65
5841
10924
14472
16014
15342
12546
8024
2378
-3605
-9098
-13344
-15754
-15986
-13982
-10009
-4621
1451
7343
12259
15447
16477
15179
11731
6602
512
-5681
-11073
-14917
-16625
-15981
-13049
-8271
-2302
3992
9692
14016
16315
16305
13992
9705
4077
-2102
-7958
-12649
-15554
-16268
-16268
-14703
-11102
-5966
-40
5889
10957
14515
16041
15355
12536
7984
2327
-3657
-9154
-13381
-15780
-15975
-13951
-9962
-4564
1499
7393
12278
15462
16466
15160
11692
6558
462
-5728
-11119
-14932
-16631
-15970
-13009
-8211
-2234
4055
9742
14032
16315
16277
13933
9631
3986
-2178
-7997
-12665
-15523
-16195
-14606
-10992
-5878
28
5886
10906
14410
15909
15209
12425
7936
2359
-3551
-8991
-13201
-15598
-15860
-13931
-10049
-4756
1235
7135
12055
15346
16503
15346
12021
6954
853
-5438
-11004
-15044
-16963
-16466
-13604
-8757
-2617
3936
9948
14563
17069
17125
14693
10130
4099
-2543
-8796
-13764
-16728
-17251
-15262
-11068
-5288
1229
7508
12626
15880
16759
15179
11415
6023
-146
-6187
-11168
-14318
-15171
-13605
-9833
-4435
1801
7924
13033
16334
17326
15843
12092
6615
178
-6271
-11807
-15650
-17208
-16308
-13088
-8009
-1817
4586
10283
14495
16598
16356
13813
9336
3599
-2587
-8358
-12917
-15637
-16176
-14451
-10752
-5595
299
6124
11082
14493
15909
15129
12274
7726
2107
-3791
-9189
-13334
-15656
-15816
-13776
-9804
-4446
1567
7407
12241
15390
16386
15070
11616
6496
424
-5747
-11116
-14928
-16622
-15942
-12994
-8190
-2207
4085
9793
14096
16373
16332
13974
9629
3957
-2254
-8113
-12802
-15666
-16310
-14680
-10997
-5812
174
6086
11135
14626
16077
15299
12409
7794
2102
-3859
-9317
-13473
-15784
-15906
-13814
-9791
-4387
1667
7518
12346
15450
16407
15054
11564
6414
332
-5817
-11169
-14956
-16612
-15922
-12951
-8138
-2156
4134
9826
14111
16377
16315
16315
13940
9607
3917
-2299
-8153
-12833
-15677
-16310
-14665
-10978
-5759
211
6134
11174
14653
16090
15287
12381
7755
2061
-3904
-9353
-13502
-15801
-15895
-13786
-9749
-4329
1710
7558
12372
15463
16399
15032
11530
6368
292
-5866
-11215
-14987
-16619
-15904
-12918
-8077
-2090
4196
9884
14145
16372
16292
13869
9509
3813
-2379
-8205
-12844
-15652
-16241
-14554
-10853
-5655
284
6144
11125
14542
15938
15126
12241
7678
2076
-3810
-9172
-13295
-15588
-15740
-13738
-9822
-4525
1436
7249
12097
15298
16400
15197
11851
6805
734
-5496
-11015
-15022
-16925
-16428
-13560
-8717
-2585
3971
10017
14639
17173
17231
14778
10178
4078
-2639
-8981
-14024
-17018
-17519
-15447
-11131
-5180
1493
7917
13144
16386
17179
15387
11311
5542
-1051
-7477
-12790
-16176
-17144
-15523
-11573
-5874
747
7276
12765
16401
17620
16265
12528
6959
382
-6238
-11938
-15892
-17519
-16608
-13302
-8099
-1779
4758
10574
14816
16901
16579
13907
9287
3395
-2889
-8718
-13265
-15901
-16317
-14447
-10599
-5305
655
6494
11394
14692
15956
15029
12039
7411
1769
-4116
-9430
-13456
-15641
-15683
-13550
-9523
-4163
1810
7569
12311
15353
16269
14898
11407
6288
253
-5862
-11176
-14940
-16568
-15861
-12880
-8066
-2073
4199
9899
14176
16415
16331
13919
9533
3818
-2422
-8294
-12958
-15779
-16364
-14644
-10890
-5622
399
6327
11347
14774
16128
15242
12256
7571
1858
-4116
-9519
-13596
-15810
-15832
-13651
-9569
-4135
1897
7688
12435
15467
16337
14919
11387
6221
159
-5952
-11259
-14992
-16589
-15841
-15841
-12846
-8003
-2006
4273
9949
14202
16425
16324
13891
9492
3763
-2481
-8334
-12991
-15792
-16360
-14631
-10854
-5583
450
6378
11380
14794
16130
15226
12222
7528
1807
-4163
-9561
-13628
-15824
-15814
-13616
-9516
-4082
1945
7723
12464
15482
16332
14893
11347
6189
125
-5993
-11296
-15007
-16596
-15842
-12826
-7962
-1967
4328
9998
14240
16445
16319
13855
9436
3691
-2565
-8410
-13039
-15809
-16332
-14550
-10751
-5471
537
6434
11393
14746
16042
15102
12085
7417
1735
-4164
-9474
-13486
-15640
-15644
-13483
-9467
-4129
1799
7507
12215
15266
16199
14883
11480
6440
451
-5658
-11028
-14883
-16648
-16086
-13226
-8443
-2437
3975
9855
14364
16838
16909
14553
10100
4184
-2356
-8559
-13556
-16596
-17282
-15523
-11590
-6097
119
6144
11068
14155
14946
13333
9542
4181
-1956
-7923
-12814
-15886
-16644
-14955
-11039
-5448
984
7334
12642
16160
17324
15954
12267
6781
312
-6226
-11852
-15769
-17385
-16485
-13214
-8047
-1741
4791
10587
14838
16934
16595
13917
9254
3345
-2999
-8862
-13417
-16042
-16404
-14461
-10530
-5166
868
6724
11613
14875
16052
15009
11925
7194
1494
-4394
-9668
-13622
-15701
-15626
-13388
-9294
-3904
2062
7776
12432
15382
16203
14748
11210
6077
59
-6017
-11271
-14962
-16537
-15768
-12759
-7910
-1929
4352
10016
14253
16465
16321
13856
9428
3660
-2597
-8466
-13113
-15891
-16410
-14611
-10776
-5442
613
6562
11557
14919
16179
15204
12101
7350
1582
-4376
-9740
-13740
-15845
-15749
-13480
-9335
-3880
2131
7872
12543
15484
16260
14773
14773
11189
6027
-30
-6106
-11350
-15011
-16563
-15762
-12722
-7852
-1860
4411
10062
14284
16479
16315
13825
9383
3606
-2654
-8513
-13150
-15904
-16399
-14590
-10737
-5389
676
6608
11593
14933
16183
15175
12061
7295
1532
-4422
-9756
-13755
-15831
-15724
-13434
-9297
-3838
2160
7875
12532
15459
16238
14744
11169
6013
-28
-6092
-11340
-15011
-16567
-15774
-12753
-7879
-1883
4402
10088
14328
16536
16381
13903
9431
3628
-2679
-8594
-13258
-16031
-16511
-14668
-10755
-5344
789
6779
11772
15106
16292
15202
12001
7138
1311
-4663
-9973
-13889
-15862
-15629
-13231
-9007
-3527
2435
8058
12560
15320
15951
14360
10763
5662
-240
-6113
-11149
-14609
-16029
-15192
-12234
-7561
-1842
4089
9428
13381
15406
15260
12962
8893
3679
-1875
-6944
-10747
-12719
-12560
-10298
-6278
-1112
4437
9512
13318
15292
15072
12667
8398
2837
-3203
-8851
-13286
-15879
-16212
-14226
-10192
-4639
1605
7671
12684
15897
16853
15389
11712
6340
38
-6300
-11747
-15513
-17048
-16151
-12932
-7866
-1662
4768
10494
14699
16801
16487
13836
9215
3317
-3021
-8882
-13444
-16085
-16431
-14483
-10508
-5099
981
6882
11784
15015
16156
15049
11856
7058
1291
-4618
-9897
-13798
-15788
-15617
-13277
-9100
-3654
2312
7980
12564
15436
16154
14615
11024
5856
-156
-6199
-11385
-15003
-16516
-15678
-12614
-7746
-1763
4502
10129
14337
16491
16299
13781
9307
3507
-2769
-8639
-13262
-15986
-16442
-14574
-10656
-5267
841
6782
11751
15053
16236
15148
11969
7140
1326
-4640
-9959
-13873
-15881
-15695
-13324
-13324
-9108
-3614
2372
8059
12655
15488
16182
14619
10992
5811
-234
-6267
-11455
-15037
-16517
-15667
-12582
-7700
-1704
4549
10172
14366
16497
16293
13747
9267
3460
-2818
-8681
-13286
-15999
-16432
-14542
-10609
-5208
897
6841
11789
15064
16213
15105
11898
7063
1264
-4679
-9963
-13850
-15823
-15612
-13236
-9047
-3600
2364
8014
12574
15408
16113
14576
10994
5865
-136
-6145
-11332
-14959
-16506
-15726
-12711
-7877
-1889
4413
10106
14386
16637
16511
14033
9536
3660
-2746
-8765
-13523
-16345
-16839
-14924
-10886
-5294
1034
7191
12311
15648
16746
15462
11994
6846
751
-5410
-10778
-14580
-16289
-15713
-12903
-8293
-2555
3500
9015
13213
15495
15565
13428
9419
4132
-1660
-7096
-11414
-13979
-14439
-12761
-9194
-4321
1140
6357
10508
12996
13419
11712
8115
3161
-2443
-7813
-12186
-14890
-15531
-13984
-10433
-5388
448
6238
11185
14575
15932
15054
12069
7382
1654
-4315
-9701
-13740
-15886
-15795
-13509
-9318
-3800
2262
8044
12729
15639
16366
14790
11104
5845
-273
-6390
-11620
-15228
-16689
-15771
-12612
-7647
-1578
4738
10368
14542
16621
16349
13732
9165
3304
-3005
-8866
-13448
-16095
-16459
-14513
-10504
-5055
1073
7016
11933
15157
16260
15089
11824
6922
1101
-4851
-10122
-13973
-15885
-15602
-13163
-8903
-3405
2575
8209
12721
15490
16113
14481
10823
5630
-379
-6375
-11505
-15044
-16473
-15572
-12468
-7574
-1588
4648
10252
14405
16499
16258
13699
9188
3366
-2928
-8788
-13387
-16071
-16471
-14535
-10543
-5095
1036
6999
11948
15198
16301
15134
11855
11855
6943
1086
-4892
-10176
-14028
-15932
-15630
-13165
-8882
-3357
2621
8264
12773
15523
16111
14456
10784
5570
-441
-6435
-11548
-15064
-16463
-15558
-12433
-7534
-1539
4704
10292
14427
16510
16257
13667
9133
3307
-2992
-8843
-13426
-16090
-16449
-14482
-10487
-5016
1124
7062
11976
15172
16239
15033
11739
6840
1019
-4925
-10134
-13946
-15806
-15487
-13041
-8806
-3357
2555
8129
12595
15346
15990
14405
10825
5722
-223
-6179
-11321
-14916
-16450
-15689
-12696
-7884
-1902
4400
10121
14453
16752
16673
14198
9665
3721
-2796
-8950
-13825
-16726
-17215
-15232
-11030
-5230
1327
7679
12921
16278
17288
15778
11989
6489
79
-6301
-11725
-15403
-16812
-15757
-12438
-7337
-1232
4969
10319
14056
15616
14766
11649
6749
779
-5343
-10693
-14468
-16099
-15326
-12249
-7322
-1271
5037
10662
14776
16788
16391
13654
8974
3021
-3342
-9189
-13709
-16260
-16495
-14396
-10282
-4764
1397
7298
12148
15268
16237
14955
11600
6659
823
-5095
-10278
-14043
-15858
-15477
-12961
-8671
-3178
2763
8340
12773
15462
16016
14327
10643
5461
-534
-6481
-11563
-15039
-16419
-15489
-12351
-7454
-1471
4754
10326
14445
16514
16238
13641
9103
3256
-3048
-8902
-13495
-16140
-16486
-14504
-10470
-4970
1198
7171
12099
15304
16347
15102
11747
6777
881
-5096
-10354
-14141
-15978
-15581
-13038
-8696
-3145
2831
8439
12879
15534
16045
14337
10605
5387
-614
-6560
-11616
-15075
-16417
-15458
-12302
-7391
-1416
4800
10356
14452
16501
16209
13611
9062
3219
-3073
-8938
-13502
-16142
-16488
